Node	Time	EnergyCarrier	ReferenceDemand
3	1	Electricity	33.62477554623503
3	2	Electricity	33.21363878232476
3	3	Electricity	32.72145409138651
3	4	Electricity	32.49774155343627
3	5	Electricity	33.87790777619156
3	6	Electricity	38.73639708070922
3	7	Electricity	48.24978279740741
3	8	Electricity	57.52693809789993
3	9	Electricity	71.42919797077067
3	10	Electricity	83.73187185640994
3	11	Electricity	89.478297643808
3	12	Electricity	90.62500370659237
3	13	Electricity	82.13005110747463
3	14	Electricity	84.07336912113284
3	15	Electricity	91.74372761478219
3	16	Electricity	92.12320181718718
3	17	Electricity	91.18517319708128
3	18	Electricity	85.56146704730351
3	19	Electricity	77.84514779410614
3	20	Electricity	63.1390927425901
3	21	Electricity	46.882627381514
3	22	Electricity	40.50613105203641
3	23	Electricity	37.620347782108546
3	24	Electricity	36.166247437101035
3	1	LT	1.3631822484471263
3	2	LT	1.3631822484471263
3	3	LT	1.3631822484471263
3	4	LT	1.3631822484471263
3	5	LT	1.3631822484471263
3	6	LT	1.3631822484471263
3	7	LT	1.3631822484471263
3	8	LT	3.7555670944718322
3	9	LT	4.190422231726466
3	10	LT	4.625277368981099
3	11	LT	4.625277368981099
3	12	LT	5.534519928695332
3	13	LT	5.534519928695332
3	14	LT	3.6765025240618994
3	15	LT	5.534519928695332
3	16	LT	5.534519928695332
3	17	LT	4.624595777856875
3	18	LT	3.677184115186123
3	19	LT	1.3631822484471263
3	20	LT	1.3631822484471263
3	21	LT	1.3631822484471263
3	22	LT	1.3631822484471263
3	23	LT	1.3631822484471263
3	24	LT	1.3631822484471263
3	1	MT	33.5830474771161
3	2	MT	33.5830474771161
3	3	MT	33.5830474771161
3	4	MT	33.5830474771161
3	5	MT	33.5830474771161
3	6	MT	33.5830474771161
3	7	MT	33.5830474771161
3	8	MT	135.31505765248033
3	9	MT	150.98311695960967
3	10	MT	166.651176266739
3	11	MT	166.651176266739
3	12	MT	199.4116639089184
3	13	MT	199.4116639089184
3	14	MT	132.46631959663867
3	15	MT	199.4116639089184
3	16	MT	199.4116639089184
3	17	MT	118.98722557262084
3	18	MT	52.629474773216856
3	19	MT	33.5830474771161
3	20	MT	33.5830474771161
3	21	MT	33.5830474771161
3	22	MT	33.5830474771161
3	23	MT	33.5830474771161
3	24	MT	33.5830474771161
3	1	H2	0.0
3	2	H2	0.0
3	3	H2	0.0
3	4	H2	0.0
3	5	H2	0.0
3	6	H2	0.0
3	7	H2	0.0
3	8	H2	0.0
3	9	H2	0.0
3	10	H2	0.0
3	11	H2	0.0
3	12	H2	0.0
3	13	H2	0.0
3	14	H2	0.0
3	15	H2	0.0
3	16	H2	0.0
3	17	H2	0.0
3	18	H2	0.0
3	19	H2	0.0
3	20	H2	0.0
3	21	H2	0.0
3	22	H2	0.0
3	23	H2	0.0
3	24	H2	0.0
3	1	CH4	0.0
3	2	CH4	0.0
3	3	CH4	0.0
3	4	CH4	0.0
3	5	CH4	0.0
3	6	CH4	0.0
3	7	CH4	0.0
3	8	CH4	0.0
3	9	CH4	0.0
3	10	CH4	0.0
3	11	CH4	0.0
3	12	CH4	0.0
3	13	CH4	0.0
3	14	CH4	0.0
3	15	CH4	0.0
3	16	CH4	0.0
3	17	CH4	0.0
3	18	CH4	0.0
3	19	CH4	0.0
3	20	CH4	0.0
3	21	CH4	0.0
3	22	CH4	0.0
3	23	CH4	0.0
3	24	CH4	0.0
3	1	Biogas	0.0
3	2	Biogas	0.0
3	3	Biogas	0.0
3	4	Biogas	0.0
3	5	Biogas	0.0
3	6	Biogas	0.0
3	7	Biogas	0.0
3	8	Biogas	0.0
3	9	Biogas	0.0
3	10	Biogas	0.0
3	11	Biogas	0.0
3	12	Biogas	0.0
3	13	Biogas	0.0
3	14	Biogas	0.0
3	15	Biogas	0.0
3	16	Biogas	0.0
3	17	Biogas	0.0
3	18	Biogas	0.0
3	19	Biogas	0.0
3	20	Biogas	0.0
3	21	Biogas	0.0
3	22	Biogas	0.0
3	23	Biogas	0.0
3	24	Biogas	0.0
3	1	CH4_H2_Mix	0.0
3	2	CH4_H2_Mix	0.0
3	3	CH4_H2_Mix	0.0
3	4	CH4_H2_Mix	0.0
3	5	CH4_H2_Mix	0.0
3	6	CH4_H2_Mix	0.0
3	7	CH4_H2_Mix	0.0
3	8	CH4_H2_Mix	0.0
3	9	CH4_H2_Mix	0.0
3	10	CH4_H2_Mix	0.0
3	11	CH4_H2_Mix	0.0
3	12	CH4_H2_Mix	0.0
3	13	CH4_H2_Mix	0.0
3	14	CH4_H2_Mix	0.0
3	15	CH4_H2_Mix	0.0
3	16	CH4_H2_Mix	0.0
3	17	CH4_H2_Mix	0.0
3	18	CH4_H2_Mix	0.0
3	19	CH4_H2_Mix	0.0
3	20	CH4_H2_Mix	0.0
3	21	CH4_H2_Mix	0.0
3	22	CH4_H2_Mix	0.0
3	23	CH4_H2_Mix	0.0
3	24	CH4_H2_Mix	0.0
3	1	DummyFuel	0.0
3	2	DummyFuel	0.0
3	3	DummyFuel	0.0
3	4	DummyFuel	0.0
3	5	DummyFuel	0.0
3	6	DummyFuel	0.0
3	7	DummyFuel	0.0
3	8	DummyFuel	0.0
3	9	DummyFuel	0.0
3	10	DummyFuel	0.0
3	11	DummyFuel	0.0
3	12	DummyFuel	0.0
3	13	DummyFuel	0.0
3	14	DummyFuel	0.0
3	15	DummyFuel	0.0
3	16	DummyFuel	0.0
3	17	DummyFuel	0.0
3	18	DummyFuel	0.0
3	19	DummyFuel	0.0
3	20	DummyFuel	0.0
3	21	DummyFuel	0.0
3	22	DummyFuel	0.0
3	23	DummyFuel	0.0
3	24	DummyFuel	0.0
4	1	Electricity	33.874580641116346
4	2	Electricity	32.95530583252492
4	3	Electricity	32.62175139462885
4	4	Electricity	32.42857443466211
4	5	Electricity	33.5562837561207
4	6	Electricity	37.84794063479297
4	7	Electricity	48.44670986598606
4	8	Electricity	59.35829734231688
4	9	Electricity	73.38979047804985
4	10	Electricity	83.5623154373157
4	11	Electricity	88.07643346643506
4	12	Electricity	88.25292929669936
4	13	Electricity	80.20696338549608
4	14	Electricity	81.10058789204341
4	15	Electricity	88.48453902979202
4	16	Electricity	88.17227396431326
4	17	Electricity	85.54200985922547
4	18	Electricity	79.10701908174394
4	19	Electricity	71.85884827675436
4	20	Electricity	57.38156034002482
4	21	Electricity	44.3445088747099
4	22	Electricity	37.871510805988294
4	23	Electricity	35.74518576916238
4	24	Electricity	34.0027158804875
4	1	LT	1.0014514621369013
4	2	LT	1.0014514621369013
4	3	LT	1.0014514621369013
4	4	LT	1.0014514621369013
4	5	LT	1.0014514621369013
4	6	LT	1.0014514621369013
4	7	LT	1.0014514621369013
4	8	LT	2.713610413532249
4	9	LT	3.392013016915311
4	10	LT	3.7312143186068423
4	11	LT	3.7312143186068423
4	12	LT	4.409616921989905
4	13	LT	4.409616921989905
4	14	LT	3.0528117152237804
4	15	LT	4.409616921989905
4	16	LT	3.7312143186068423
4	17	LT	3.230488587538392
4	18	LT	2.713610413532249
4	19	LT	1.0014514621369013
4	20	LT	1.0014514621369013
4	21	LT	1.0014514621369013
4	22	LT	1.0014514621369013
4	23	LT	1.0014514621369013
4	24	LT	1.0014514621369013
4	1	MT	49.07582783428341
4	2	MT	30.17031307406352
4	3	MT	30.17031307406352
4	4	MT	30.17031307406352
4	5	MT	30.17031307406352
4	6	MT	30.17031307406352
4	7	MT	30.17031307406352
4	8	MT	126.84357981240872
4	9	MT	158.5544747655109
4	10	MT	174.40992224206198
4	11	MT	174.40992224206198
4	12	MT	206.12081719516416
4	13	MT	206.12081719516416
4	14	MT	142.6990272889598
4	15	MT	206.12081719516416
4	16	MT	158.92194284234338
4	17	MT	76.21321427837127
4	18	MT	50.930666698295035
4	19	MT	31.624583440234275
4	20	MT	30.17031307406352
4	21	MT	30.17031307406352
4	22	MT	30.17031307406352
4	23	MT	30.17031307406352
4	24	MT	30.17031307406352
4	1	H2	0.0
4	2	H2	0.0
4	3	H2	0.0
4	4	H2	0.0
4	5	H2	0.0
4	6	H2	0.0
4	7	H2	0.0
4	8	H2	0.0
4	9	H2	0.0
4	10	H2	0.0
4	11	H2	0.0
4	12	H2	0.0
4	13	H2	0.0
4	14	H2	0.0
4	15	H2	0.0
4	16	H2	0.0
4	17	H2	0.0
4	18	H2	0.0
4	19	H2	0.0
4	20	H2	0.0
4	21	H2	0.0
4	22	H2	0.0
4	23	H2	0.0
4	24	H2	0.0
4	1	CH4	0.0
4	2	CH4	0.0
4	3	CH4	0.0
4	4	CH4	0.0
4	5	CH4	0.0
4	6	CH4	0.0
4	7	CH4	0.0
4	8	CH4	0.0
4	9	CH4	0.0
4	10	CH4	0.0
4	11	CH4	0.0
4	12	CH4	0.0
4	13	CH4	0.0
4	14	CH4	0.0
4	15	CH4	0.0
4	16	CH4	0.0
4	17	CH4	0.0
4	18	CH4	0.0
4	19	CH4	0.0
4	20	CH4	0.0
4	21	CH4	0.0
4	22	CH4	0.0
4	23	CH4	0.0
4	24	CH4	0.0
4	1	Biogas	0.0
4	2	Biogas	0.0
4	3	Biogas	0.0
4	4	Biogas	0.0
4	5	Biogas	0.0
4	6	Biogas	0.0
4	7	Biogas	0.0
4	8	Biogas	0.0
4	9	Biogas	0.0
4	10	Biogas	0.0
4	11	Biogas	0.0
4	12	Biogas	0.0
4	13	Biogas	0.0
4	14	Biogas	0.0
4	15	Biogas	0.0
4	16	Biogas	0.0
4	17	Biogas	0.0
4	18	Biogas	0.0
4	19	Biogas	0.0
4	20	Biogas	0.0
4	21	Biogas	0.0
4	22	Biogas	0.0
4	23	Biogas	0.0
4	24	Biogas	0.0
4	1	CH4_H2_Mix	0.0
4	2	CH4_H2_Mix	0.0
4	3	CH4_H2_Mix	0.0
4	4	CH4_H2_Mix	0.0
4	5	CH4_H2_Mix	0.0
4	6	CH4_H2_Mix	0.0
4	7	CH4_H2_Mix	0.0
4	8	CH4_H2_Mix	0.0
4	9	CH4_H2_Mix	0.0
4	10	CH4_H2_Mix	0.0
4	11	CH4_H2_Mix	0.0
4	12	CH4_H2_Mix	0.0
4	13	CH4_H2_Mix	0.0
4	14	CH4_H2_Mix	0.0
4	15	CH4_H2_Mix	0.0
4	16	CH4_H2_Mix	0.0
4	17	CH4_H2_Mix	0.0
4	18	CH4_H2_Mix	0.0
4	19	CH4_H2_Mix	0.0
4	20	CH4_H2_Mix	0.0
4	21	CH4_H2_Mix	0.0
4	22	CH4_H2_Mix	0.0
4	23	CH4_H2_Mix	0.0
4	24	CH4_H2_Mix	0.0
4	1	DummyFuel	0.0
4	2	DummyFuel	0.0
4	3	DummyFuel	0.0
4	4	DummyFuel	0.0
4	5	DummyFuel	0.0
4	6	DummyFuel	0.0
4	7	DummyFuel	0.0
4	8	DummyFuel	0.0
4	9	DummyFuel	0.0
4	10	DummyFuel	0.0
4	11	DummyFuel	0.0
4	12	DummyFuel	0.0
4	13	DummyFuel	0.0
4	14	DummyFuel	0.0
4	15	DummyFuel	0.0
4	16	DummyFuel	0.0
4	17	DummyFuel	0.0
4	18	DummyFuel	0.0
4	19	DummyFuel	0.0
4	20	DummyFuel	0.0
4	21	DummyFuel	0.0
4	22	DummyFuel	0.0
4	23	DummyFuel	0.0
4	24	DummyFuel	0.0
5	1	Electricity	43.52893390587061
5	2	Electricity	43.89125411675963
5	3	Electricity	44.04440671808141
5	4	Electricity	44.270117143433694
5	5	Electricity	45.791076672660544
5	6	Electricity	51.177615449159035
5	7	Electricity	61.418599387305854
5	8	Electricity	73.60103685027542
5	9	Electricity	88.15388804400239
5	10	Electricity	98.14037652779056
5	11	Electricity	101.41567841811926
5	12	Electricity	100.23177695842871
5	13	Electricity	89.20000543071727
5	14	Electricity	88.12294626548336
5	15	Electricity	94.83390639809038
5	16	Electricity	94.26939115475363
5	17	Electricity	91.71796988445271
5	18	Electricity	86.43022350201471
5	19	Electricity	79.66462714239626
5	20	Electricity	67.38082759571327
5	21	Electricity	51.609663458191676
5	22	Electricity	45.106806533673684
5	23	Electricity	43.20594103661478
5	24	Electricity	41.85633646347168
5	1	LT	22.32155618637994
5	2	LT	22.32155618637994
5	3	LT	22.32155618637994
5	4	LT	22.32155618637994
5	5	LT	22.32155618637994
5	6	LT	22.32155618637994
5	7	LT	22.32155618637994
5	8	LT	64.30048282076544
5	9	LT	71.74580188422247
5	10	LT	79.19112094767954
5	11	LT	79.19112094767954
5	12	LT	94.75860626218063
5	13	LT	94.75860626218063
5	14	LT	62.946788445591416
5	15	LT	94.75860626218063
5	16	LT	94.75860626218063
5	17	LT	79.20552195167075
5	18	LT	62.932387441600206
5	19	LT	22.32155618637994
5	20	LT	22.32155618637994
5	21	LT	22.32155618637994
5	22	LT	22.32155618637994
5	23	LT	22.32155618637994
5	24	LT	22.32155618637994
5	1	MT	61.75040182412256
5	2	MT	81.42925303893148
5	3	MT	81.42925303893148
5	4	MT	81.42925303893148
5	5	MT	81.42925303893148
5	6	MT	81.42925303893148
5	7	MT	81.42925303893148
5	8	MT	310.99313174168276
5	9	MT	347.00286278545656
5	10	MT	383.01259382923035
5	11	MT	383.01259382923035
5	12	MT	458.3056678298483
5	13	MT	458.3056678298483
5	14	MT	304.4459079155421
5	15	MT	458.3056678298483
5	16	MT	458.3056678298483
5	17	MT	295.3857475520249
5	18	MT	157.62607676541046
5	19	MT	83.218239513005
5	20	MT	83.218239513005
5	21	MT	83.218239513005
5	22	MT	83.218239513005
5	23	MT	83.218239513005
5	24	MT	83.218239513005
5	1	H2	0.0
5	2	H2	0.0
5	3	H2	0.0
5	4	H2	0.0
5	5	H2	0.0
5	6	H2	0.0
5	7	H2	0.0
5	8	H2	0.0
5	9	H2	0.0
5	10	H2	0.0
5	11	H2	0.0
5	12	H2	0.0
5	13	H2	0.0
5	14	H2	0.0
5	15	H2	0.0
5	16	H2	0.0
5	17	H2	0.0
5	18	H2	0.0
5	19	H2	0.0
5	20	H2	0.0
5	21	H2	0.0
5	22	H2	0.0
5	23	H2	0.0
5	24	H2	0.0
5	1	CH4	0.0
5	2	CH4	0.0
5	3	CH4	0.0
5	4	CH4	0.0
5	5	CH4	0.0
5	6	CH4	0.0
5	7	CH4	0.0
5	8	CH4	0.0
5	9	CH4	0.0
5	10	CH4	0.0
5	11	CH4	0.0
5	12	CH4	0.0
5	13	CH4	0.0
5	14	CH4	0.0
5	15	CH4	0.0
5	16	CH4	0.0
5	17	CH4	0.0
5	18	CH4	0.0
5	19	CH4	0.0
5	20	CH4	0.0
5	21	CH4	0.0
5	22	CH4	0.0
5	23	CH4	0.0
5	24	CH4	0.0
5	1	Biogas	0.0
5	2	Biogas	0.0
5	3	Biogas	0.0
5	4	Biogas	0.0
5	5	Biogas	0.0
5	6	Biogas	0.0
5	7	Biogas	0.0
5	8	Biogas	0.0
5	9	Biogas	0.0
5	10	Biogas	0.0
5	11	Biogas	0.0
5	12	Biogas	0.0
5	13	Biogas	0.0
5	14	Biogas	0.0
5	15	Biogas	0.0
5	16	Biogas	0.0
5	17	Biogas	0.0
5	18	Biogas	0.0
5	19	Biogas	0.0
5	20	Biogas	0.0
5	21	Biogas	0.0
5	22	Biogas	0.0
5	23	Biogas	0.0
5	24	Biogas	0.0
5	1	CH4_H2_Mix	0.0
5	2	CH4_H2_Mix	0.0
5	3	CH4_H2_Mix	0.0
5	4	CH4_H2_Mix	0.0
5	5	CH4_H2_Mix	0.0
5	6	CH4_H2_Mix	0.0
5	7	CH4_H2_Mix	0.0
5	8	CH4_H2_Mix	0.0
5	9	CH4_H2_Mix	0.0
5	10	CH4_H2_Mix	0.0
5	11	CH4_H2_Mix	0.0
5	12	CH4_H2_Mix	0.0
5	13	CH4_H2_Mix	0.0
5	14	CH4_H2_Mix	0.0
5	15	CH4_H2_Mix	0.0
5	16	CH4_H2_Mix	0.0
5	17	CH4_H2_Mix	0.0
5	18	CH4_H2_Mix	0.0
5	19	CH4_H2_Mix	0.0
5	20	CH4_H2_Mix	0.0
5	21	CH4_H2_Mix	0.0
5	22	CH4_H2_Mix	0.0
5	23	CH4_H2_Mix	0.0
5	24	CH4_H2_Mix	0.0
5	1	DummyFuel	0.0
5	2	DummyFuel	0.0
5	3	DummyFuel	0.0
5	4	DummyFuel	0.0
5	5	DummyFuel	0.0
5	6	DummyFuel	0.0
5	7	DummyFuel	0.0
5	8	DummyFuel	0.0
5	9	DummyFuel	0.0
5	10	DummyFuel	0.0
5	11	DummyFuel	0.0
5	12	DummyFuel	0.0
5	13	DummyFuel	0.0
5	14	DummyFuel	0.0
5	15	DummyFuel	0.0
5	16	DummyFuel	0.0
5	17	DummyFuel	0.0
5	18	DummyFuel	0.0
5	19	DummyFuel	0.0
5	20	DummyFuel	0.0
5	21	DummyFuel	0.0
5	22	DummyFuel	0.0
5	23	DummyFuel	0.0
5	24	DummyFuel	0.0
6	1	Electricity	36.20864172959663
6	2	Electricity	35.989899650108256
6	3	Electricity	35.605221079352155
6	4	Electricity	35.79225810742145
6	5	Electricity	37.23615104241435
6	6	Electricity	43.161756542956546
6	7	Electricity	54.05329876269449
6	8	Electricity	66.53297146593788
6	9	Electricity	80.51209630231264
6	10	Electricity	90.61104590926037
6	11	Electricity	93.68362500035269
6	12	Electricity	92.4005908472383
6	13	Electricity	82.85628245601335
6	14	Electricity	82.98290333661396
6	15	Electricity	90.16975590058027
6	16	Electricity	90.44492570042257
6	17	Electricity	88.273691991813
6	18	Electricity	84.95882173030431
6	19	Electricity	78.67040752421708
6	20	Electricity	64.58009583137026
6	21	Electricity	49.45007849753742
6	22	Electricity	42.11944031862597
6	23	Electricity	38.78711136452591
6	24	Electricity	37.00255489951713
6	1	LT	20.18637406148791
6	2	LT	20.18637406148791
6	3	LT	20.18637406148791
6	4	LT	20.18637406148791
6	5	LT	20.18637406148791
6	6	LT	20.18637406148791
6	7	LT	20.18637406148791
6	8	LT	55.6134605393992
6	9	LT	62.05291386501384
6	10	LT	68.49236719062849
6	11	LT	68.49236719062849
6	12	LT	81.95667868964091
6	13	LT	81.95667868964091
6	14	LT	54.4426508438329
6	15	LT	81.95667868964091
6	16	LT	81.95667868964091
6	17	LT	68.48227400359774
6	18	LT	54.45274403086365
6	19	LT	20.18637406148791
6	20	LT	20.18637406148791
6	21	LT	20.18637406148791
6	22	LT	20.18637406148791
6	23	LT	20.18637406148791
6	24	LT	20.18637406148791
6	1	MT	77.73327920290247
6	2	MT	77.73327920290247
6	3	MT	77.73327920290247
6	4	MT	77.73327920290247
6	5	MT	77.73327920290247
6	6	MT	77.73327920290247
6	7	MT	77.73327920290247
6	8	MT	288.6160675591651
6	9	MT	322.03477011864743
6	10	MT	355.45347267812974
6	11	MT	355.45347267812974
6	12	MT	425.3289416661381
6	13	MT	425.3289416661381
6	14	MT	282.5399398210775
6	15	MT	425.3289416661381
6	16	MT	425.3289416661381
6	17	MT	272.5088410960624
6	18	MT	143.6339686136739
6	19	MT	77.73327920290247
6	20	MT	77.73327920290247
6	21	MT	77.73327920290247
6	22	MT	77.73327920290247
6	23	MT	77.73327920290247
6	24	MT	77.73327920290247
6	1	H2	0.0
6	2	H2	0.0
6	3	H2	0.0
6	4	H2	0.0
6	5	H2	0.0
6	6	H2	0.0
6	7	H2	0.0
6	8	H2	0.0
6	9	H2	0.0
6	10	H2	0.0
6	11	H2	0.0
6	12	H2	0.0
6	13	H2	0.0
6	14	H2	0.0
6	15	H2	0.0
6	16	H2	0.0
6	17	H2	0.0
6	18	H2	0.0
6	19	H2	0.0
6	20	H2	0.0
6	21	H2	0.0
6	22	H2	0.0
6	23	H2	0.0
6	24	H2	0.0
6	1	CH4	0.0
6	2	CH4	0.0
6	3	CH4	0.0
6	4	CH4	0.0
6	5	CH4	0.0
6	6	CH4	0.0
6	7	CH4	0.0
6	8	CH4	0.0
6	9	CH4	0.0
6	10	CH4	0.0
6	11	CH4	0.0
6	12	CH4	0.0
6	13	CH4	0.0
6	14	CH4	0.0
6	15	CH4	0.0
6	16	CH4	0.0
6	17	CH4	0.0
6	18	CH4	0.0
6	19	CH4	0.0
6	20	CH4	0.0
6	21	CH4	0.0
6	22	CH4	0.0
6	23	CH4	0.0
6	24	CH4	0.0
6	1	Biogas	0.0
6	2	Biogas	0.0
6	3	Biogas	0.0
6	4	Biogas	0.0
6	5	Biogas	0.0
6	6	Biogas	0.0
6	7	Biogas	0.0
6	8	Biogas	0.0
6	9	Biogas	0.0
6	10	Biogas	0.0
6	11	Biogas	0.0
6	12	Biogas	0.0
6	13	Biogas	0.0
6	14	Biogas	0.0
6	15	Biogas	0.0
6	16	Biogas	0.0
6	17	Biogas	0.0
6	18	Biogas	0.0
6	19	Biogas	0.0
6	20	Biogas	0.0
6	21	Biogas	0.0
6	22	Biogas	0.0
6	23	Biogas	0.0
6	24	Biogas	0.0
6	1	CH4_H2_Mix	0.0
6	2	CH4_H2_Mix	0.0
6	3	CH4_H2_Mix	0.0
6	4	CH4_H2_Mix	0.0
6	5	CH4_H2_Mix	0.0
6	6	CH4_H2_Mix	0.0
6	7	CH4_H2_Mix	0.0
6	8	CH4_H2_Mix	0.0
6	9	CH4_H2_Mix	0.0
6	10	CH4_H2_Mix	0.0
6	11	CH4_H2_Mix	0.0
6	12	CH4_H2_Mix	0.0
6	13	CH4_H2_Mix	0.0
6	14	CH4_H2_Mix	0.0
6	15	CH4_H2_Mix	0.0
6	16	CH4_H2_Mix	0.0
6	17	CH4_H2_Mix	0.0
6	18	CH4_H2_Mix	0.0
6	19	CH4_H2_Mix	0.0
6	20	CH4_H2_Mix	0.0
6	21	CH4_H2_Mix	0.0
6	22	CH4_H2_Mix	0.0
6	23	CH4_H2_Mix	0.0
6	24	CH4_H2_Mix	0.0
6	1	DummyFuel	0.0
6	2	DummyFuel	0.0
6	3	DummyFuel	0.0
6	4	DummyFuel	0.0
6	5	DummyFuel	0.0
6	6	DummyFuel	0.0
6	7	DummyFuel	0.0
6	8	DummyFuel	0.0
6	9	DummyFuel	0.0
6	10	DummyFuel	0.0
6	11	DummyFuel	0.0
6	12	DummyFuel	0.0
6	13	DummyFuel	0.0
6	14	DummyFuel	0.0
6	15	DummyFuel	0.0
6	16	DummyFuel	0.0
6	17	DummyFuel	0.0
6	18	DummyFuel	0.0
6	19	DummyFuel	0.0
6	20	DummyFuel	0.0
6	21	DummyFuel	0.0
6	22	DummyFuel	0.0
6	23	DummyFuel	0.0
6	24	DummyFuel	0.0
7	1	Electricity	29.288843037219987
7	2	Electricity	29.206763367926055
7	3	Electricity	29.08910426130405
7	4	Electricity	29.609907062016607
7	5	Electricity	31.25047843498342
7	6	Electricity	36.194889186165504
7	7	Electricity	46.425004270237004
7	8	Electricity	57.257815497048384
7	9	Electricity	70.90987659091095
7	10	Electricity	81.17113888476037
7	11	Electricity	85.91134784819175
7	12	Electricity	85.97333371546952
7	13	Electricity	79.42208903894472
7	14	Electricity	79.9515143024101
7	15	Electricity	86.10089542968332
7	16	Electricity	85.58982826665681
7	17	Electricity	83.5635773142788
7	18	Electricity	78.46597719799142
7	19	Electricity	70.44248457465108
7	20	Electricity	57.48935623787194
7	21	Electricity	42.203268104558504
7	22	Electricity	36.16740208847366
7	23	Electricity	34.570034976735
7	24	Electricity	33.323581016235195
7	1	LT	1.098891227662845
7	2	LT	1.098891227662845
7	3	LT	1.098891227662845
7	4	LT	1.098891227662845
7	5	LT	1.098891227662845
7	6	LT	1.098891227662845
7	7	LT	1.098891227662845
7	8	LT	4.780176840333375
7	9	LT	5.377698945375048
7	10	LT	5.975221050416719
7	11	LT	5.975221050416719
7	12	LT	7.170265260500062
7	13	LT	7.170265260500062
7	14	LT	4.780176840333375
7	15	LT	7.170265260500062
7	16	LT	7.170265260500062
7	17	LT	5.975221050416719
7	18	LT	4.807649121024947
7	19	LT	1.7170175432231953
7	20	LT	1.7170175432231953
7	21	LT	1.7170175432231953
7	22	LT	1.7170175432231953
7	23	LT	1.7170175432231953
7	24	LT	1.7170175432231953
7	1	MT	32.97848322732687
7	2	MT	32.97848322732687
7	3	MT	32.97848322732687
7	4	MT	32.97848322732687
7	5	MT	32.97848322732687
7	6	MT	32.97848322732687
7	7	MT	32.97848322732687
7	8	MT	140.59548044310958
7	9	MT	158.16991549849828
7	10	MT	175.74435055388696
7	11	MT	175.74435055388696
7	12	MT	210.89322066466437
7	13	MT	210.89322066466437
7	14	MT	140.59548044310958
7	15	MT	210.89322066466437
7	16	MT	210.89322066466437
7	17	MT	124.96299222910629
7	18	MT	39.06252543096413
7	19	MT	35.237520955718516
7	20	MT	35.237520955718516
7	21	MT	35.237520955718516
7	22	MT	35.237520955718516
7	23	MT	35.237520955718516
7	24	MT	35.237520955718516
7	1	H2	0.0
7	2	H2	0.0
7	3	H2	0.0
7	4	H2	0.0
7	5	H2	0.0
7	6	H2	0.0
7	7	H2	0.0
7	8	H2	0.0
7	9	H2	0.0
7	10	H2	0.0
7	11	H2	0.0
7	12	H2	0.0
7	13	H2	0.0
7	14	H2	0.0
7	15	H2	0.0
7	16	H2	0.0
7	17	H2	0.0
7	18	H2	0.0
7	19	H2	0.0
7	20	H2	0.0
7	21	H2	0.0
7	22	H2	0.0
7	23	H2	0.0
7	24	H2	0.0
7	1	CH4	0.0
7	2	CH4	0.0
7	3	CH4	0.0
7	4	CH4	0.0
7	5	CH4	0.0
7	6	CH4	0.0
7	7	CH4	0.0
7	8	CH4	0.0
7	9	CH4	0.0
7	10	CH4	0.0
7	11	CH4	0.0
7	12	CH4	0.0
7	13	CH4	0.0
7	14	CH4	0.0
7	15	CH4	0.0
7	16	CH4	0.0
7	17	CH4	0.0
7	18	CH4	0.0
7	19	CH4	0.0
7	20	CH4	0.0
7	21	CH4	0.0
7	22	CH4	0.0
7	23	CH4	0.0
7	24	CH4	0.0
7	1	Biogas	0.0
7	2	Biogas	0.0
7	3	Biogas	0.0
7	4	Biogas	0.0
7	5	Biogas	0.0
7	6	Biogas	0.0
7	7	Biogas	0.0
7	8	Biogas	0.0
7	9	Biogas	0.0
7	10	Biogas	0.0
7	11	Biogas	0.0
7	12	Biogas	0.0
7	13	Biogas	0.0
7	14	Biogas	0.0
7	15	Biogas	0.0
7	16	Biogas	0.0
7	17	Biogas	0.0
7	18	Biogas	0.0
7	19	Biogas	0.0
7	20	Biogas	0.0
7	21	Biogas	0.0
7	22	Biogas	0.0
7	23	Biogas	0.0
7	24	Biogas	0.0
7	1	CH4_H2_Mix	0.0
7	2	CH4_H2_Mix	0.0
7	3	CH4_H2_Mix	0.0
7	4	CH4_H2_Mix	0.0
7	5	CH4_H2_Mix	0.0
7	6	CH4_H2_Mix	0.0
7	7	CH4_H2_Mix	0.0
7	8	CH4_H2_Mix	0.0
7	9	CH4_H2_Mix	0.0
7	10	CH4_H2_Mix	0.0
7	11	CH4_H2_Mix	0.0
7	12	CH4_H2_Mix	0.0
7	13	CH4_H2_Mix	0.0
7	14	CH4_H2_Mix	0.0
7	15	CH4_H2_Mix	0.0
7	16	CH4_H2_Mix	0.0
7	17	CH4_H2_Mix	0.0
7	18	CH4_H2_Mix	0.0
7	19	CH4_H2_Mix	0.0
7	20	CH4_H2_Mix	0.0
7	21	CH4_H2_Mix	0.0
7	22	CH4_H2_Mix	0.0
7	23	CH4_H2_Mix	0.0
7	24	CH4_H2_Mix	0.0
7	1	DummyFuel	0.0
7	2	DummyFuel	0.0
7	3	DummyFuel	0.0
7	4	DummyFuel	0.0
7	5	DummyFuel	0.0
7	6	DummyFuel	0.0
7	7	DummyFuel	0.0
7	8	DummyFuel	0.0
7	9	DummyFuel	0.0
7	10	DummyFuel	0.0
7	11	DummyFuel	0.0
7	12	DummyFuel	0.0
7	13	DummyFuel	0.0
7	14	DummyFuel	0.0
7	15	DummyFuel	0.0
7	16	DummyFuel	0.0
7	17	DummyFuel	0.0
7	18	DummyFuel	0.0
7	19	DummyFuel	0.0
7	20	DummyFuel	0.0
7	21	DummyFuel	0.0
7	22	DummyFuel	0.0
7	23	DummyFuel	0.0
7	24	DummyFuel	0.0
8	1	Electricity	35.61280207048487
8	2	Electricity	34.414487510092584
8	3	Electricity	33.75852571243269
8	4	Electricity	33.60146173338668
8	5	Electricity	34.53519671856526
8	6	Electricity	39.085575037107944
8	7	Electricity	48.119808254039405
8	8	Electricity	59.26422292491084
8	9	Electricity	74.15402187148676
8	10	Electricity	86.88387389503002
8	11	Electricity	91.82889199607722
8	12	Electricity	92.46360407350531
8	13	Electricity	85.15070770125611
8	14	Electricity	85.75928115934207
8	15	Electricity	93.37993577780479
8	16	Electricity	94.0258620000329
8	17	Electricity	91.42398191747219
8	18	Electricity	86.36077742441469
8	19	Electricity	78.85773901727042
8	20	Electricity	64.26124733760093
8	21	Electricity	48.40066567215888
8	22	Electricity	40.14655626725955
8	23	Electricity	38.13087504199062
8	24	Electricity	36.23937382026436
8	1	LT	1.4504451251608979
8	2	LT	1.4504451251608979
8	3	LT	1.4504451251608979
8	4	LT	1.4504451251608979
8	5	LT	1.4504451251608979
8	6	LT	1.4504451251608979
8	7	LT	1.4504451251608979
8	8	LT	3.930238403661787
8	9	LT	4.912798004577234
8	10	LT	5.404077805034958
8	11	LT	5.404077805034958
8	12	LT	6.386637405950403
8	13	LT	6.386637405950403
8	14	LT	4.4215182041195105
8	15	LT	6.386637405950403
8	16	LT	5.404077805034958
8	17	LT	4.678855242454509
8	18	LT	3.930238403661787
8	19	LT	1.4504451251608979
8	20	LT	1.4504451251608979
8	21	LT	1.4504451251608979
8	22	LT	1.4504451251608979
8	23	LT	1.4504451251608979
8	24	LT	1.4504451251608979
8	1	MT	51.11469013264778
8	2	MT	31.59760317673651
8	3	MT	31.59760317673651
8	4	MT	31.59760317673651
8	5	MT	31.59760317673651
8	6	MT	31.59760317673651
8	7	MT	31.59760317673651
8	8	MT	132.16974355091358
8	9	MT	165.21217943864198
8	10	MT	181.73339738250618
8	11	MT	181.73339738250618
8	12	MT	214.77583327023456
8	13	MT	214.77583327023456
8	14	MT	148.69096149477778
8	15	MT	214.77583327023456
8	16	MT	165.7443992224712
8	17	MT	80.13447890718956
8	18	MT	53.801132851023745
8	19	MT	33.09891755796045
8	20	MT	31.59760317673651
8	21	MT	31.59760317673651
8	22	MT	31.59760317673651
8	23	MT	31.59760317673651
8	24	MT	31.59760317673651
8	1	H2	0.0
8	2	H2	0.0
8	3	H2	0.0
8	4	H2	0.0
8	5	H2	0.0
8	6	H2	0.0
8	7	H2	0.0
8	8	H2	0.0
8	9	H2	0.0
8	10	H2	0.0
8	11	H2	0.0
8	12	H2	0.0
8	13	H2	0.0
8	14	H2	0.0
8	15	H2	0.0
8	16	H2	0.0
8	17	H2	0.0
8	18	H2	0.0
8	19	H2	0.0
8	20	H2	0.0
8	21	H2	0.0
8	22	H2	0.0
8	23	H2	0.0
8	24	H2	0.0
8	1	CH4	0.0
8	2	CH4	0.0
8	3	CH4	0.0
8	4	CH4	0.0
8	5	CH4	0.0
8	6	CH4	0.0
8	7	CH4	0.0
8	8	CH4	0.0
8	9	CH4	0.0
8	10	CH4	0.0
8	11	CH4	0.0
8	12	CH4	0.0
8	13	CH4	0.0
8	14	CH4	0.0
8	15	CH4	0.0
8	16	CH4	0.0
8	17	CH4	0.0
8	18	CH4	0.0
8	19	CH4	0.0
8	20	CH4	0.0
8	21	CH4	0.0
8	22	CH4	0.0
8	23	CH4	0.0
8	24	CH4	0.0
8	1	Biogas	0.0
8	2	Biogas	0.0
8	3	Biogas	0.0
8	4	Biogas	0.0
8	5	Biogas	0.0
8	6	Biogas	0.0
8	7	Biogas	0.0
8	8	Biogas	0.0
8	9	Biogas	0.0
8	10	Biogas	0.0
8	11	Biogas	0.0
8	12	Biogas	0.0
8	13	Biogas	0.0
8	14	Biogas	0.0
8	15	Biogas	0.0
8	16	Biogas	0.0
8	17	Biogas	0.0
8	18	Biogas	0.0
8	19	Biogas	0.0
8	20	Biogas	0.0
8	21	Biogas	0.0
8	22	Biogas	0.0
8	23	Biogas	0.0
8	24	Biogas	0.0
8	1	CH4_H2_Mix	0.0
8	2	CH4_H2_Mix	0.0
8	3	CH4_H2_Mix	0.0
8	4	CH4_H2_Mix	0.0
8	5	CH4_H2_Mix	0.0
8	6	CH4_H2_Mix	0.0
8	7	CH4_H2_Mix	0.0
8	8	CH4_H2_Mix	0.0
8	9	CH4_H2_Mix	0.0
8	10	CH4_H2_Mix	0.0
8	11	CH4_H2_Mix	0.0
8	12	CH4_H2_Mix	0.0
8	13	CH4_H2_Mix	0.0
8	14	CH4_H2_Mix	0.0
8	15	CH4_H2_Mix	0.0
8	16	CH4_H2_Mix	0.0
8	17	CH4_H2_Mix	0.0
8	18	CH4_H2_Mix	0.0
8	19	CH4_H2_Mix	0.0
8	20	CH4_H2_Mix	0.0
8	21	CH4_H2_Mix	0.0
8	22	CH4_H2_Mix	0.0
8	23	CH4_H2_Mix	0.0
8	24	CH4_H2_Mix	0.0
8	1	DummyFuel	0.0
8	2	DummyFuel	0.0
8	3	DummyFuel	0.0
8	4	DummyFuel	0.0
8	5	DummyFuel	0.0
8	6	DummyFuel	0.0
8	7	DummyFuel	0.0
8	8	DummyFuel	0.0
8	9	DummyFuel	0.0
8	10	DummyFuel	0.0
8	11	DummyFuel	0.0
8	12	DummyFuel	0.0
8	13	DummyFuel	0.0
8	14	DummyFuel	0.0
8	15	DummyFuel	0.0
8	16	DummyFuel	0.0
8	17	DummyFuel	0.0
8	18	DummyFuel	0.0
8	19	DummyFuel	0.0
8	20	DummyFuel	0.0
8	21	DummyFuel	0.0
8	22	DummyFuel	0.0
8	23	DummyFuel	0.0
8	24	DummyFuel	0.0
9	1	Electricity	32.21175582821868
9	2	Electricity	31.77875451983788
9	3	Electricity	31.617927130328574
9	4	Electricity	31.676081937727517
9	5	Electricity	32.92308540404162
9	6	Electricity	37.51768604417417
9	7	Electricity	47.233615985921205
9	8	Electricity	58.91651212471292
9	9	Electricity	73.03346560159967
9	10	Electricity	83.7276335825212
9	11	Electricity	88.47948731602094
9	12	Electricity	88.26348929445429
9	13	Electricity	79.59622527279718
9	14	Electricity	80.45052864524196
9	15	Electricity	87.38847542082698
9	16	Electricity	87.03783975887612
9	17	Electricity	85.35248855205747
9	18	Electricity	80.00100519595365
9	19	Electricity	71.3794504908484
9	20	Electricity	58.17304945656225
9	21	Electricity	43.1638474673076
9	22	Electricity	37.635834912295174
9	23	Electricity	35.889461525659435
9	24	Electricity	33.62873643218322
9	1	LT	1.2468870604499565
9	2	LT	1.2468870604499565
9	3	LT	1.2468870604499565
9	4	LT	1.2468870604499565
9	5	LT	1.2468870604499565
9	6	LT	1.2468870604499565
9	7	LT	1.2468870604499565
9	8	LT	3.4351738515396297
9	9	LT	3.832930823823166
9	10	LT	4.230687796106702
9	11	LT	4.230687796106702
9	12	LT	5.0623614654268225
9	13	LT	5.0623614654268225
9	14	LT	3.3628544020335323
9	15	LT	5.0623614654268225
9	16	LT	5.0623614654268225
9	17	LT	4.230064352576478
9	18	LT	3.3634778455637577
9	19	LT	1.2468870604499565
9	20	LT	1.2468870604499565
9	21	LT	1.2468870604499565
9	22	LT	1.2468870604499565
9	23	LT	1.2468870604499565
9	24	LT	1.2468870604499565
9	1	MT	33.20315998471502
9	2	MT	33.20315998471502
9	3	MT	33.20315998471502
9	4	MT	33.20315998471502
9	5	MT	33.20315998471502
9	6	MT	33.20315998471502
9	7	MT	33.20315998471502
9	8	MT	133.93004830216185
9	9	MT	149.43773810557005
9	10	MT	164.94542790897827
9	11	MT	164.94542790897827
9	12	MT	197.3705974979227
9	13	MT	197.3705974979227
9	14	MT	131.1104683379058
9	15	MT	197.3705974979227
9	16	MT	197.3705974979227
9	17	MT	117.65846784104903
9	18	MT	51.90492777091766
9	19	MT	33.20315998471502
9	20	MT	33.20315998471502
9	21	MT	33.20315998471502
9	22	MT	33.20315998471502
9	23	MT	33.20315998471502
9	24	MT	33.20315998471502
9	1	H2	0.0
9	2	H2	0.0
9	3	H2	0.0
9	4	H2	0.0
9	5	H2	0.0
9	6	H2	0.0
9	7	H2	0.0
9	8	H2	0.0
9	9	H2	0.0
9	10	H2	0.0
9	11	H2	0.0
9	12	H2	0.0
9	13	H2	0.0
9	14	H2	0.0
9	15	H2	0.0
9	16	H2	0.0
9	17	H2	0.0
9	18	H2	0.0
9	19	H2	0.0
9	20	H2	0.0
9	21	H2	0.0
9	22	H2	0.0
9	23	H2	0.0
9	24	H2	0.0
9	1	CH4	0.0
9	2	CH4	0.0
9	3	CH4	0.0
9	4	CH4	0.0
9	5	CH4	0.0
9	6	CH4	0.0
9	7	CH4	0.0
9	8	CH4	0.0
9	9	CH4	0.0
9	10	CH4	0.0
9	11	CH4	0.0
9	12	CH4	0.0
9	13	CH4	0.0
9	14	CH4	0.0
9	15	CH4	0.0
9	16	CH4	0.0
9	17	CH4	0.0
9	18	CH4	0.0
9	19	CH4	0.0
9	20	CH4	0.0
9	21	CH4	0.0
9	22	CH4	0.0
9	23	CH4	0.0
9	24	CH4	0.0
9	1	Biogas	0.0
9	2	Biogas	0.0
9	3	Biogas	0.0
9	4	Biogas	0.0
9	5	Biogas	0.0
9	6	Biogas	0.0
9	7	Biogas	0.0
9	8	Biogas	0.0
9	9	Biogas	0.0
9	10	Biogas	0.0
9	11	Biogas	0.0
9	12	Biogas	0.0
9	13	Biogas	0.0
9	14	Biogas	0.0
9	15	Biogas	0.0
9	16	Biogas	0.0
9	17	Biogas	0.0
9	18	Biogas	0.0
9	19	Biogas	0.0
9	20	Biogas	0.0
9	21	Biogas	0.0
9	22	Biogas	0.0
9	23	Biogas	0.0
9	24	Biogas	0.0
9	1	CH4_H2_Mix	0.0
9	2	CH4_H2_Mix	0.0
9	3	CH4_H2_Mix	0.0
9	4	CH4_H2_Mix	0.0
9	5	CH4_H2_Mix	0.0
9	6	CH4_H2_Mix	0.0
9	7	CH4_H2_Mix	0.0
9	8	CH4_H2_Mix	0.0
9	9	CH4_H2_Mix	0.0
9	10	CH4_H2_Mix	0.0
9	11	CH4_H2_Mix	0.0
9	12	CH4_H2_Mix	0.0
9	13	CH4_H2_Mix	0.0
9	14	CH4_H2_Mix	0.0
9	15	CH4_H2_Mix	0.0
9	16	CH4_H2_Mix	0.0
9	17	CH4_H2_Mix	0.0
9	18	CH4_H2_Mix	0.0
9	19	CH4_H2_Mix	0.0
9	20	CH4_H2_Mix	0.0
9	21	CH4_H2_Mix	0.0
9	22	CH4_H2_Mix	0.0
9	23	CH4_H2_Mix	0.0
9	24	CH4_H2_Mix	0.0
9	1	DummyFuel	0.0
9	2	DummyFuel	0.0
9	3	DummyFuel	0.0
9	4	DummyFuel	0.0
9	5	DummyFuel	0.0
9	6	DummyFuel	0.0
9	7	DummyFuel	0.0
9	8	DummyFuel	0.0
9	9	DummyFuel	0.0
9	10	DummyFuel	0.0
9	11	DummyFuel	0.0
9	12	DummyFuel	0.0
9	13	DummyFuel	0.0
9	14	DummyFuel	0.0
9	15	DummyFuel	0.0
9	16	DummyFuel	0.0
9	17	DummyFuel	0.0
9	18	DummyFuel	0.0
9	19	DummyFuel	0.0
9	20	DummyFuel	0.0
9	21	DummyFuel	0.0
9	22	DummyFuel	0.0
9	23	DummyFuel	0.0
9	24	DummyFuel	0.0
10	1	Electricity	34.30257829974901
10	2	Electricity	33.00019580570609
10	3	Electricity	32.52667320685001
10	4	Electricity	32.4798509433967
10	5	Electricity	33.74450720798475
10	6	Electricity	37.90725642777947
10	7	Electricity	47.02230318044934
10	8	Electricity	58.26932607780737
10	9	Electricity	72.49487320890738
10	10	Electricity	84.17720790822386
10	11	Electricity	90.41452347033196
10	12	Electricity	90.82259510763373
10	13	Electricity	83.090831670227
10	14	Electricity	83.06669055823403
10	15	Electricity	90.16683696765251
10	16	Electricity	89.65586390572311
10	17	Electricity	87.18954164761908
10	18	Electricity	81.37195746696521
10	19	Electricity	74.11774100853332
10	20	Electricity	60.092106008143645
10	21	Electricity	44.416920378375316
10	22	Electricity	37.6474867513474
10	23	Electricity	35.49153996105867
10	24	Electricity	33.33143873655012
10	1	LT	1.7198413229752954
10	2	LT	1.7198413229752954
10	3	LT	1.7198413229752954
10	4	LT	1.7198413229752954
10	5	LT	1.7198413229752954
10	6	LT	1.7198413229752954
10	7	LT	1.7198413229752954
10	8	LT	4.660215197739509
10	9	LT	5.825268997174387
10	10	LT	6.407795896891827
10	11	LT	6.407795896891827
10	12	LT	7.572849696326704
10	13	LT	7.572849696326704
10	14	LT	5.242742097456949
10	15	LT	7.572849696326704
10	16	LT	6.407795896891827
10	17	LT	5.547875235404178
10	18	LT	4.660215197739509
10	19	LT	1.7198413229752954
10	20	LT	1.7198413229752954
10	21	LT	1.7198413229752954
10	22	LT	1.7198413229752954
10	23	LT	1.7198413229752954
10	24	LT	1.7198413229752954
10	1	MT	53.807669201546204
10	2	MT	33.344681292812915
10	3	MT	33.344681292812915
10	4	MT	33.344681292812915
10	5	MT	33.344681292812915
10	6	MT	33.344681292812915
10	7	MT	33.344681292812915
10	8	MT	139.15984106606982
10	9	MT	173.9498013325873
10	10	MT	191.34478146584604
10	11	MT	191.34478146584604
10	12	MT	226.13474173236344
10	13	MT	226.13474173236344
10	14	MT	156.55482119932856
10	15	MT	226.13474173236344
10	16	MT	174.58087214061453
10	17	MT	84.71399782066206
10	18	MT	56.99307423254077
10	19	MT	34.918757285792395
10	20	MT	33.344681292812915
10	21	MT	33.344681292812915
10	22	MT	33.344681292812915
10	23	MT	33.344681292812915
10	24	MT	33.344681292812915
10	1	H2	0.0
10	2	H2	0.0
10	3	H2	0.0
10	4	H2	0.0
10	5	H2	0.0
10	6	H2	0.0
10	7	H2	0.0
10	8	H2	0.0
10	9	H2	0.0
10	10	H2	0.0
10	11	H2	0.0
10	12	H2	0.0
10	13	H2	0.0
10	14	H2	0.0
10	15	H2	0.0
10	16	H2	0.0
10	17	H2	0.0
10	18	H2	0.0
10	19	H2	0.0
10	20	H2	0.0
10	21	H2	0.0
10	22	H2	0.0
10	23	H2	0.0
10	24	H2	0.0
10	1	CH4	0.0
10	2	CH4	0.0
10	3	CH4	0.0
10	4	CH4	0.0
10	5	CH4	0.0
10	6	CH4	0.0
10	7	CH4	0.0
10	8	CH4	0.0
10	9	CH4	0.0
10	10	CH4	0.0
10	11	CH4	0.0
10	12	CH4	0.0
10	13	CH4	0.0
10	14	CH4	0.0
10	15	CH4	0.0
10	16	CH4	0.0
10	17	CH4	0.0
10	18	CH4	0.0
10	19	CH4	0.0
10	20	CH4	0.0
10	21	CH4	0.0
10	22	CH4	0.0
10	23	CH4	0.0
10	24	CH4	0.0
10	1	Biogas	0.0
10	2	Biogas	0.0
10	3	Biogas	0.0
10	4	Biogas	0.0
10	5	Biogas	0.0
10	6	Biogas	0.0
10	7	Biogas	0.0
10	8	Biogas	0.0
10	9	Biogas	0.0
10	10	Biogas	0.0
10	11	Biogas	0.0
10	12	Biogas	0.0
10	13	Biogas	0.0
10	14	Biogas	0.0
10	15	Biogas	0.0
10	16	Biogas	0.0
10	17	Biogas	0.0
10	18	Biogas	0.0
10	19	Biogas	0.0
10	20	Biogas	0.0
10	21	Biogas	0.0
10	22	Biogas	0.0
10	23	Biogas	0.0
10	24	Biogas	0.0
10	1	CH4_H2_Mix	0.0
10	2	CH4_H2_Mix	0.0
10	3	CH4_H2_Mix	0.0
10	4	CH4_H2_Mix	0.0
10	5	CH4_H2_Mix	0.0
10	6	CH4_H2_Mix	0.0
10	7	CH4_H2_Mix	0.0
10	8	CH4_H2_Mix	0.0
10	9	CH4_H2_Mix	0.0
10	10	CH4_H2_Mix	0.0
10	11	CH4_H2_Mix	0.0
10	12	CH4_H2_Mix	0.0
10	13	CH4_H2_Mix	0.0
10	14	CH4_H2_Mix	0.0
10	15	CH4_H2_Mix	0.0
10	16	CH4_H2_Mix	0.0
10	17	CH4_H2_Mix	0.0
10	18	CH4_H2_Mix	0.0
10	19	CH4_H2_Mix	0.0
10	20	CH4_H2_Mix	0.0
10	21	CH4_H2_Mix	0.0
10	22	CH4_H2_Mix	0.0
10	23	CH4_H2_Mix	0.0
10	24	CH4_H2_Mix	0.0
10	1	DummyFuel	0.0
10	2	DummyFuel	0.0
10	3	DummyFuel	0.0
10	4	DummyFuel	0.0
10	5	DummyFuel	0.0
10	6	DummyFuel	0.0
10	7	DummyFuel	0.0
10	8	DummyFuel	0.0
10	9	DummyFuel	0.0
10	10	DummyFuel	0.0
10	11	DummyFuel	0.0
10	12	DummyFuel	0.0
10	13	DummyFuel	0.0
10	14	DummyFuel	0.0
10	15	DummyFuel	0.0
10	16	DummyFuel	0.0
10	17	DummyFuel	0.0
10	18	DummyFuel	0.0
10	19	DummyFuel	0.0
10	20	DummyFuel	0.0
10	21	DummyFuel	0.0
10	22	DummyFuel	0.0
10	23	DummyFuel	0.0
10	24	DummyFuel	0.0
11	1	Electricity	42.7950675480142
11	2	Electricity	42.860101490193856
11	3	Electricity	42.29233334878097
11	4	Electricity	42.442305287413774
11	5	Electricity	44.230727422451814
11	6	Electricity	50.066538585295305
11	7	Electricity	60.1124438294561
11	8	Electricity	73.88178820829997
11	9	Electricity	91.96097276725953
11	10	Electricity	101.56724277838747
11	11	Electricity	104.6899470459704
11	12	Electricity	103.10461002726318
11	13	Electricity	91.72252205669693
11	14	Electricity	91.29364860417007
11	15	Electricity	99.4660731133873
11	16	Electricity	98.42744178059162
11	17	Electricity	97.37137476107324
11	18	Electricity	94.1714951027806
11	19	Electricity	83.73393341534053
11	20	Electricity	67.50283306326773
11	21	Electricity	52.671827007566755
11	22	Electricity	45.32961789019627
11	23	Electricity	43.823952576305885
11	24	Electricity	42.421293353610764
11	1	LT	20.64333081843709
11	2	LT	20.64333081843709
11	3	LT	20.64333081843709
11	4	LT	20.64333081843709
11	5	LT	20.64333081843709
11	6	LT	20.64333081843709
11	7	LT	20.64333081843709
11	8	LT	59.46611103504618
11	9	LT	66.35166073384102
11	10	LT	73.23721043263583
11	11	LT	73.23721043263583
11	12	LT	87.63426889375228
11	13	LT	87.63426889375228
11	14	LT	58.21419290799257
11	15	LT	87.63426889375228
11	16	LT	87.63426889375228
11	17	LT	73.25052871058321
11	18	LT	58.200874630045206
11	19	LT	20.64333081843709
11	20	LT	20.64333081843709
11	21	LT	20.64333081843709
11	22	LT	20.64333081843709
11	23	LT	20.64333081843709
11	24	LT	20.64333081843709
11	1	MT	58.87356916232045
11	2	MT	77.99783433053393
11	3	MT	77.99783433053393
11	4	MT	77.99783433053393
11	5	MT	77.99783433053393
11	6	MT	77.99783433053393
11	7	MT	77.99783433053393
11	8	MT	298.9546540326937
11	9	MT	333.57045607858464
11	10	MT	368.18625812447544
11	11	MT	368.18625812447544
11	12	MT	440.5647533113382
11	13	MT	440.5647533113382
11	14	MT	292.6608718425318
11	15	MT	440.5647533113382
11	16	MT	440.5647533113382
11	17	MT	283.02816347793873
11	18	MT	149.97942555321634
11	19	MT	79.7364038912806
11	20	MT	79.7364038912806
11	21	MT	79.7364038912806
11	22	MT	79.7364038912806
11	23	MT	79.7364038912806
11	24	MT	79.7364038912806
11	1	H2	0.0
11	2	H2	0.0
11	3	H2	0.0
11	4	H2	0.0
11	5	H2	0.0
11	6	H2	0.0
11	7	H2	0.0
11	8	H2	0.0
11	9	H2	0.0
11	10	H2	0.0
11	11	H2	0.0
11	12	H2	0.0
11	13	H2	0.0
11	14	H2	0.0
11	15	H2	0.0
11	16	H2	0.0
11	17	H2	0.0
11	18	H2	0.0
11	19	H2	0.0
11	20	H2	0.0
11	21	H2	0.0
11	22	H2	0.0
11	23	H2	0.0
11	24	H2	0.0
11	1	CH4	0.0
11	2	CH4	0.0
11	3	CH4	0.0
11	4	CH4	0.0
11	5	CH4	0.0
11	6	CH4	0.0
11	7	CH4	0.0
11	8	CH4	0.0
11	9	CH4	0.0
11	10	CH4	0.0
11	11	CH4	0.0
11	12	CH4	0.0
11	13	CH4	0.0
11	14	CH4	0.0
11	15	CH4	0.0
11	16	CH4	0.0
11	17	CH4	0.0
11	18	CH4	0.0
11	19	CH4	0.0
11	20	CH4	0.0
11	21	CH4	0.0
11	22	CH4	0.0
11	23	CH4	0.0
11	24	CH4	0.0
11	1	Biogas	0.0
11	2	Biogas	0.0
11	3	Biogas	0.0
11	4	Biogas	0.0
11	5	Biogas	0.0
11	6	Biogas	0.0
11	7	Biogas	0.0
11	8	Biogas	0.0
11	9	Biogas	0.0
11	10	Biogas	0.0
11	11	Biogas	0.0
11	12	Biogas	0.0
11	13	Biogas	0.0
11	14	Biogas	0.0
11	15	Biogas	0.0
11	16	Biogas	0.0
11	17	Biogas	0.0
11	18	Biogas	0.0
11	19	Biogas	0.0
11	20	Biogas	0.0
11	21	Biogas	0.0
11	22	Biogas	0.0
11	23	Biogas	0.0
11	24	Biogas	0.0
11	1	CH4_H2_Mix	0.0
11	2	CH4_H2_Mix	0.0
11	3	CH4_H2_Mix	0.0
11	4	CH4_H2_Mix	0.0
11	5	CH4_H2_Mix	0.0
11	6	CH4_H2_Mix	0.0
11	7	CH4_H2_Mix	0.0
11	8	CH4_H2_Mix	0.0
11	9	CH4_H2_Mix	0.0
11	10	CH4_H2_Mix	0.0
11	11	CH4_H2_Mix	0.0
11	12	CH4_H2_Mix	0.0
11	13	CH4_H2_Mix	0.0
11	14	CH4_H2_Mix	0.0
11	15	CH4_H2_Mix	0.0
11	16	CH4_H2_Mix	0.0
11	17	CH4_H2_Mix	0.0
11	18	CH4_H2_Mix	0.0
11	19	CH4_H2_Mix	0.0
11	20	CH4_H2_Mix	0.0
11	21	CH4_H2_Mix	0.0
11	22	CH4_H2_Mix	0.0
11	23	CH4_H2_Mix	0.0
11	24	CH4_H2_Mix	0.0
11	1	DummyFuel	0.0
11	2	DummyFuel	0.0
11	3	DummyFuel	0.0
11	4	DummyFuel	0.0
11	5	DummyFuel	0.0
11	6	DummyFuel	0.0
11	7	DummyFuel	0.0
11	8	DummyFuel	0.0
11	9	DummyFuel	0.0
11	10	DummyFuel	0.0
11	11	DummyFuel	0.0
11	12	DummyFuel	0.0
11	13	DummyFuel	0.0
11	14	DummyFuel	0.0
11	15	DummyFuel	0.0
11	16	DummyFuel	0.0
11	17	DummyFuel	0.0
11	18	DummyFuel	0.0
11	19	DummyFuel	0.0
11	20	DummyFuel	0.0
11	21	DummyFuel	0.0
11	22	DummyFuel	0.0
11	23	DummyFuel	0.0
11	24	DummyFuel	0.0
12	1	Electricity	40.45235822919473
12	2	Electricity	40.301481561973894
12	3	Electricity	40.02843048101778
12	4	Electricity	40.151126352663624
12	5	Electricity	41.82911697369253
12	6	Electricity	46.60204096644644
12	7	Electricity	57.61177872480105
12	8	Electricity	69.52588290611092
12	9	Electricity	84.50129444303089
12	10	Electricity	95.47031082572876
12	11	Electricity	99.32930851963746
12	12	Electricity	98.65193960917301
12	13	Electricity	86.97224179286152
12	14	Electricity	84.60067893416692
12	15	Electricity	90.61717864548964
12	16	Electricity	88.986869866218
12	17	Electricity	85.29632144664295
12	18	Electricity	79.40936676824168
12	19	Electricity	73.84009255437519
12	20	Electricity	63.451382688865145
12	21	Electricity	49.17887533511046
12	22	Electricity	42.5444426790356
12	23	Electricity	40.42621428911207
12	24	Electricity	39.139878667161426
12	1	LT	15.762300640270123
12	2	LT	15.762300640270123
12	3	LT	15.762300640270123
12	4	LT	15.762300640270123
12	5	LT	15.762300640270123
12	6	LT	15.762300640270123
12	7	LT	15.762300640270123
12	8	LT	42.710750122022276
12	9	LT	53.388437652527834
12	10	LT	58.72728141778062
12	11	LT	58.72728141778062
12	12	LT	69.40496894828618
12	13	LT	69.40496894828618
12	14	LT	48.04959388727506
12	15	LT	69.40496894828618
12	16	LT	58.72728141778062
12	17	LT	50.84613109764557
12	18	LT	42.710750122022276
12	19	LT	15.762300640270123
12	20	LT	15.762300640270123
12	21	LT	15.762300640270123
12	22	LT	15.762300640270123
12	23	LT	15.762300640270123
12	24	LT	15.762300640270123
12	1	MT	97.24400975780343
12	2	MT	65.66260391433958
12	3	MT	65.66260391433958
12	4	MT	65.66260391433958
12	5	MT	65.66260391433958
12	6	MT	65.66260391433958
12	7	MT	65.66260391433958
12	8	MT	253.24965451909742
12	9	MT	316.5620681488718
12	10	MT	348.218274963759
12	11	MT	348.218274963759
12	12	MT	411.53068859353334
12	13	MT	411.53068859353334
12	14	MT	284.90586133398466
12	15	MT	411.53068859353334
12	16	MT	322.34581556122896
12	17	MT	176.55025424090007
12	18	MT	126.43816336303495
12	19	MT	68.09194282537526
12	20	MT	65.66260391433958
12	21	MT	65.66260391433958
12	22	MT	65.66260391433958
12	23	MT	65.66260391433958
12	24	MT	65.66260391433958
12	1	H2	0.0
12	2	H2	0.0
12	3	H2	0.0
12	4	H2	0.0
12	5	H2	0.0
12	6	H2	0.0
12	7	H2	0.0
12	8	H2	0.0
12	9	H2	0.0
12	10	H2	0.0
12	11	H2	0.0
12	12	H2	0.0
12	13	H2	0.0
12	14	H2	0.0
12	15	H2	0.0
12	16	H2	0.0
12	17	H2	0.0
12	18	H2	0.0
12	19	H2	0.0
12	20	H2	0.0
12	21	H2	0.0
12	22	H2	0.0
12	23	H2	0.0
12	24	H2	0.0
12	1	CH4	0.0
12	2	CH4	0.0
12	3	CH4	0.0
12	4	CH4	0.0
12	5	CH4	0.0
12	6	CH4	0.0
12	7	CH4	0.0
12	8	CH4	0.0
12	9	CH4	0.0
12	10	CH4	0.0
12	11	CH4	0.0
12	12	CH4	0.0
12	13	CH4	0.0
12	14	CH4	0.0
12	15	CH4	0.0
12	16	CH4	0.0
12	17	CH4	0.0
12	18	CH4	0.0
12	19	CH4	0.0
12	20	CH4	0.0
12	21	CH4	0.0
12	22	CH4	0.0
12	23	CH4	0.0
12	24	CH4	0.0
12	1	Biogas	0.0
12	2	Biogas	0.0
12	3	Biogas	0.0
12	4	Biogas	0.0
12	5	Biogas	0.0
12	6	Biogas	0.0
12	7	Biogas	0.0
12	8	Biogas	0.0
12	9	Biogas	0.0
12	10	Biogas	0.0
12	11	Biogas	0.0
12	12	Biogas	0.0
12	13	Biogas	0.0
12	14	Biogas	0.0
12	15	Biogas	0.0
12	16	Biogas	0.0
12	17	Biogas	0.0
12	18	Biogas	0.0
12	19	Biogas	0.0
12	20	Biogas	0.0
12	21	Biogas	0.0
12	22	Biogas	0.0
12	23	Biogas	0.0
12	24	Biogas	0.0
12	1	CH4_H2_Mix	0.0
12	2	CH4_H2_Mix	0.0
12	3	CH4_H2_Mix	0.0
12	4	CH4_H2_Mix	0.0
12	5	CH4_H2_Mix	0.0
12	6	CH4_H2_Mix	0.0
12	7	CH4_H2_Mix	0.0
12	8	CH4_H2_Mix	0.0
12	9	CH4_H2_Mix	0.0
12	10	CH4_H2_Mix	0.0
12	11	CH4_H2_Mix	0.0
12	12	CH4_H2_Mix	0.0
12	13	CH4_H2_Mix	0.0
12	14	CH4_H2_Mix	0.0
12	15	CH4_H2_Mix	0.0
12	16	CH4_H2_Mix	0.0
12	17	CH4_H2_Mix	0.0
12	18	CH4_H2_Mix	0.0
12	19	CH4_H2_Mix	0.0
12	20	CH4_H2_Mix	0.0
12	21	CH4_H2_Mix	0.0
12	22	CH4_H2_Mix	0.0
12	23	CH4_H2_Mix	0.0
12	24	CH4_H2_Mix	0.0
12	1	DummyFuel	0.0
12	2	DummyFuel	0.0
12	3	DummyFuel	0.0
12	4	DummyFuel	0.0
12	5	DummyFuel	0.0
12	6	DummyFuel	0.0
12	7	DummyFuel	0.0
12	8	DummyFuel	0.0
12	9	DummyFuel	0.0
12	10	DummyFuel	0.0
12	11	DummyFuel	0.0
12	12	DummyFuel	0.0
12	13	DummyFuel	0.0
12	14	DummyFuel	0.0
12	15	DummyFuel	0.0
12	16	DummyFuel	0.0
12	17	DummyFuel	0.0
12	18	DummyFuel	0.0
12	19	DummyFuel	0.0
12	20	DummyFuel	0.0
12	21	DummyFuel	0.0
12	22	DummyFuel	0.0
12	23	DummyFuel	0.0
12	24	DummyFuel	0.0
13	1	Electricity	45.69609435955901
13	2	Electricity	46.89775125714235
13	3	Electricity	47.409751956766435
13	4	Electricity	47.90336648271107
13	5	Electricity	49.49362804949027
13	6	Electricity	54.709924791469625
13	7	Electricity	66.01117089968827
13	8	Electricity	79.27982784150342
13	9	Electricity	93.01610295638858
13	10	Electricity	103.19338863559129
13	11	Electricity	107.46913105260035
13	12	Electricity	106.20715041107584
13	13	Electricity	95.35243511429275
13	14	Electricity	93.36292569965218
13	15	Electricity	99.64302695806533
13	16	Electricity	98.51388734553687
13	17	Electricity	96.24508432909762
13	18	Electricity	90.62653757474489
13	19	Electricity	85.16223825276069
13	20	Electricity	71.45920732751395
13	21	Electricity	56.01450343384213
13	22	Electricity	48.97048946901403
13	23	Electricity	47.7738820048844
13	24	Electricity	47.10018622965195
13	1	LT	22.88544248380667
13	2	LT	22.88544248380667
13	3	LT	22.88544248380667
13	4	LT	22.88544248380667
13	5	LT	22.88544248380667
13	6	LT	22.88544248380667
13	7	LT	22.88544248380667
13	8	LT	63.04939404288736
13	9	LT	70.3498501952217
13	10	LT	77.65030634755603
13	11	LT	77.65030634755603
13	12	LT	92.91489648425507
13	13	LT	92.91489648425507
13	14	LT	61.72203837882658
13	15	LT	92.91489648425507
13	16	LT	92.91489648425507
13	17	LT	77.63886362631413
13	18	LT	61.73348110006848
13	19	LT	22.88544248380667
13	20	LT	22.88544248380667
13	21	LT	22.88544248380667
13	22	LT	22.88544248380667
13	23	LT	22.88544248380667
13	24	LT	22.88544248380667
13	1	MT	83.14332305256264
13	2	MT	83.14332305256264
13	3	MT	83.14332305256264
13	4	MT	83.14332305256264
13	5	MT	83.14332305256264
13	6	MT	83.14332305256264
13	7	MT	83.14332305256264
13	8	MT	306.83434575261435
13	9	MT	342.36253315554865
13	10	MT	377.89072055848294
13	11	MT	377.89072055848294
13	12	MT	452.1769305828
13	13	MT	452.1769305828
13	14	MT	300.3746753157172
13	15	MT	452.1769305828
13	16	MT	452.1769305828
13	17	MT	291.2539682127978
13	18	MT	155.28818083078949
13	19	MT	83.14332305256264
13	20	MT	83.14332305256264
13	21	MT	83.14332305256264
13	22	MT	83.14332305256264
13	23	MT	83.14332305256264
13	24	MT	83.14332305256264
13	1	H2	0.0
13	2	H2	0.0
13	3	H2	0.0
13	4	H2	0.0
13	5	H2	0.0
13	6	H2	0.0
13	7	H2	0.0
13	8	H2	0.0
13	9	H2	0.0
13	10	H2	0.0
13	11	H2	0.0
13	12	H2	0.0
13	13	H2	0.0
13	14	H2	0.0
13	15	H2	0.0
13	16	H2	0.0
13	17	H2	0.0
13	18	H2	0.0
13	19	H2	0.0
13	20	H2	0.0
13	21	H2	0.0
13	22	H2	0.0
13	23	H2	0.0
13	24	H2	0.0
13	1	CH4	0.0
13	2	CH4	0.0
13	3	CH4	0.0
13	4	CH4	0.0
13	5	CH4	0.0
13	6	CH4	0.0
13	7	CH4	0.0
13	8	CH4	0.0
13	9	CH4	0.0
13	10	CH4	0.0
13	11	CH4	0.0
13	12	CH4	0.0
13	13	CH4	0.0
13	14	CH4	0.0
13	15	CH4	0.0
13	16	CH4	0.0
13	17	CH4	0.0
13	18	CH4	0.0
13	19	CH4	0.0
13	20	CH4	0.0
13	21	CH4	0.0
13	22	CH4	0.0
13	23	CH4	0.0
13	24	CH4	0.0
13	1	Biogas	0.0
13	2	Biogas	0.0
13	3	Biogas	0.0
13	4	Biogas	0.0
13	5	Biogas	0.0
13	6	Biogas	0.0
13	7	Biogas	0.0
13	8	Biogas	0.0
13	9	Biogas	0.0
13	10	Biogas	0.0
13	11	Biogas	0.0
13	12	Biogas	0.0
13	13	Biogas	0.0
13	14	Biogas	0.0
13	15	Biogas	0.0
13	16	Biogas	0.0
13	17	Biogas	0.0
13	18	Biogas	0.0
13	19	Biogas	0.0
13	20	Biogas	0.0
13	21	Biogas	0.0
13	22	Biogas	0.0
13	23	Biogas	0.0
13	24	Biogas	0.0
13	1	CH4_H2_Mix	0.0
13	2	CH4_H2_Mix	0.0
13	3	CH4_H2_Mix	0.0
13	4	CH4_H2_Mix	0.0
13	5	CH4_H2_Mix	0.0
13	6	CH4_H2_Mix	0.0
13	7	CH4_H2_Mix	0.0
13	8	CH4_H2_Mix	0.0
13	9	CH4_H2_Mix	0.0
13	10	CH4_H2_Mix	0.0
13	11	CH4_H2_Mix	0.0
13	12	CH4_H2_Mix	0.0
13	13	CH4_H2_Mix	0.0
13	14	CH4_H2_Mix	0.0
13	15	CH4_H2_Mix	0.0
13	16	CH4_H2_Mix	0.0
13	17	CH4_H2_Mix	0.0
13	18	CH4_H2_Mix	0.0
13	19	CH4_H2_Mix	0.0
13	20	CH4_H2_Mix	0.0
13	21	CH4_H2_Mix	0.0
13	22	CH4_H2_Mix	0.0
13	23	CH4_H2_Mix	0.0
13	24	CH4_H2_Mix	0.0
13	1	DummyFuel	0.0
13	2	DummyFuel	0.0
13	3	DummyFuel	0.0
13	4	DummyFuel	0.0
13	5	DummyFuel	0.0
13	6	DummyFuel	0.0
13	7	DummyFuel	0.0
13	8	DummyFuel	0.0
13	9	DummyFuel	0.0
13	10	DummyFuel	0.0
13	11	DummyFuel	0.0
13	12	DummyFuel	0.0
13	13	DummyFuel	0.0
13	14	DummyFuel	0.0
13	15	DummyFuel	0.0
13	16	DummyFuel	0.0
13	17	DummyFuel	0.0
13	18	DummyFuel	0.0
13	19	DummyFuel	0.0
13	20	DummyFuel	0.0
13	21	DummyFuel	0.0
13	22	DummyFuel	0.0
13	23	DummyFuel	0.0
13	24	DummyFuel	0.0
14	1	Electricity	39.86999516977453
14	2	Electricity	39.56049438103159
14	3	Electricity	39.50858234784383
14	4	Electricity	39.827738608448556
14	5	Electricity	41.20338813056327
14	6	Electricity	46.40134443189502
14	7	Electricity	56.45754606912187
14	8	Electricity	72.11628001978967
14	9	Electricity	88.43465881006152
14	10	Electricity	97.15701114431863
14	11	Electricity	101.27774103180523
14	12	Electricity	99.68812089296752
14	13	Electricity	88.73954155072488
14	14	Electricity	87.17399946043622
14	15	Electricity	94.44208146469373
14	16	Electricity	93.97715477556146
14	17	Electricity	92.31371536645679
14	18	Electricity	88.98946811051185
14	19	Electricity	80.41032221592282
14	20	Electricity	65.33854307309437
14	21	Electricity	49.62194566357792
14	22	Electricity	43.025548498668044
14	23	Electricity	40.742359339945835
14	24	Electricity	39.94725842871389
14	1	LT	22.135086701052952
14	2	LT	22.135086701052952
14	3	LT	22.135086701052952
14	4	LT	22.135086701052952
14	5	LT	22.135086701052952
14	6	LT	22.135086701052952
14	7	LT	22.135086701052952
14	8	LT	63.76333040012995
14	9	LT	71.14645286751342
14	10	LT	78.52957533489689
14	11	LT	78.52957533489689
14	12	LT	93.96701322124414
14	13	LT	93.96701322124414
14	14	LT	62.42094449696933
14	15	LT	93.96701322124414
14	16	LT	93.96701322124414
14	17	LT	78.54385603599435
14	18	LT	62.40666379587188
14	19	LT	22.135086701052952
14	20	LT	22.135086701052952
14	21	LT	22.135086701052952
14	22	LT	22.135086701052952
14	23	LT	22.135086701052952
14	24	LT	22.135086701052952
14	1	MT	61.426791746641726
14	2	MT	81.04194695420576
14	3	MT	81.04194695420576
14	4	MT	81.04194695420576
14	5	MT	81.04194695420576
14	6	MT	81.04194695420576
14	7	MT	81.04194695420576
14	8	MT	309.63007194866077
14	9	MT	345.48197501640044
14	10	MT	381.33387808414017
14	11	MT	381.33387808414017
14	12	MT	456.2969481348685
14	13	MT	456.2969481348685
14	14	MT	303.11154411816267
14	15	MT	456.2969481348685
14	16	MT	456.2969481348685
14	17	MT	293.99058033288406
14	18	MT	156.76701551021287
14	19	MT	82.82514288216612
14	20	MT	82.82514288216612
14	21	MT	82.82514288216612
14	22	MT	82.82514288216612
14	23	MT	82.82514288216612
14	24	MT	82.82514288216612
14	1	H2	0.0
14	2	H2	0.0
14	3	H2	0.0
14	4	H2	0.0
14	5	H2	0.0
14	6	H2	0.0
14	7	H2	0.0
14	8	H2	0.0
14	9	H2	0.0
14	10	H2	0.0
14	11	H2	0.0
14	12	H2	0.0
14	13	H2	0.0
14	14	H2	0.0
14	15	H2	0.0
14	16	H2	0.0
14	17	H2	0.0
14	18	H2	0.0
14	19	H2	0.0
14	20	H2	0.0
14	21	H2	0.0
14	22	H2	0.0
14	23	H2	0.0
14	24	H2	0.0
14	1	CH4	0.0
14	2	CH4	0.0
14	3	CH4	0.0
14	4	CH4	0.0
14	5	CH4	0.0
14	6	CH4	0.0
14	7	CH4	0.0
14	8	CH4	0.0
14	9	CH4	0.0
14	10	CH4	0.0
14	11	CH4	0.0
14	12	CH4	0.0
14	13	CH4	0.0
14	14	CH4	0.0
14	15	CH4	0.0
14	16	CH4	0.0
14	17	CH4	0.0
14	18	CH4	0.0
14	19	CH4	0.0
14	20	CH4	0.0
14	21	CH4	0.0
14	22	CH4	0.0
14	23	CH4	0.0
14	24	CH4	0.0
14	1	Biogas	0.0
14	2	Biogas	0.0
14	3	Biogas	0.0
14	4	Biogas	0.0
14	5	Biogas	0.0
14	6	Biogas	0.0
14	7	Biogas	0.0
14	8	Biogas	0.0
14	9	Biogas	0.0
14	10	Biogas	0.0
14	11	Biogas	0.0
14	12	Biogas	0.0
14	13	Biogas	0.0
14	14	Biogas	0.0
14	15	Biogas	0.0
14	16	Biogas	0.0
14	17	Biogas	0.0
14	18	Biogas	0.0
14	19	Biogas	0.0
14	20	Biogas	0.0
14	21	Biogas	0.0
14	22	Biogas	0.0
14	23	Biogas	0.0
14	24	Biogas	0.0
14	1	CH4_H2_Mix	0.0
14	2	CH4_H2_Mix	0.0
14	3	CH4_H2_Mix	0.0
14	4	CH4_H2_Mix	0.0
14	5	CH4_H2_Mix	0.0
14	6	CH4_H2_Mix	0.0
14	7	CH4_H2_Mix	0.0
14	8	CH4_H2_Mix	0.0
14	9	CH4_H2_Mix	0.0
14	10	CH4_H2_Mix	0.0
14	11	CH4_H2_Mix	0.0
14	12	CH4_H2_Mix	0.0
14	13	CH4_H2_Mix	0.0
14	14	CH4_H2_Mix	0.0
14	15	CH4_H2_Mix	0.0
14	16	CH4_H2_Mix	0.0
14	17	CH4_H2_Mix	0.0
14	18	CH4_H2_Mix	0.0
14	19	CH4_H2_Mix	0.0
14	20	CH4_H2_Mix	0.0
14	21	CH4_H2_Mix	0.0
14	22	CH4_H2_Mix	0.0
14	23	CH4_H2_Mix	0.0
14	24	CH4_H2_Mix	0.0
14	1	DummyFuel	0.0
14	2	DummyFuel	0.0
14	3	DummyFuel	0.0
14	4	DummyFuel	0.0
14	5	DummyFuel	0.0
14	6	DummyFuel	0.0
14	7	DummyFuel	0.0
14	8	DummyFuel	0.0
14	9	DummyFuel	0.0
14	10	DummyFuel	0.0
14	11	DummyFuel	0.0
14	12	DummyFuel	0.0
14	13	DummyFuel	0.0
14	14	DummyFuel	0.0
14	15	DummyFuel	0.0
14	16	DummyFuel	0.0
14	17	DummyFuel	0.0
14	18	DummyFuel	0.0
14	19	DummyFuel	0.0
14	20	DummyFuel	0.0
14	21	DummyFuel	0.0
14	22	DummyFuel	0.0
14	23	DummyFuel	0.0
14	24	DummyFuel	0.0
