Node	Time	Spot_Price
3	1	33.93
3	2	33.44
3	3	33.22
3	4	33.12
3	5	33.25
3	6	38.29
3	7	45.69
3	8	47.09
3	9	45.25
3	10	42.91
3	11	33.6
3	12	25.11
3	13	20.12
3	14	25.0
3	15	35.51
3	16	44.33
3	17	42.52
3	18	45.5
3	19	45.56
3	20	43.12
3	21	45.48
3	22	43.32
3	23	38.25
3	24	39.12
4	1	15.61
4	2	15.56
4	3	15.45
4	4	15.58
4	5	15.92
4	6	17.16
4	7	20.07
4	8	41.82
4	9	41.0
4	10	21.96
4	11	19.21
4	12	18.49
4	13	18.33
4	14	18.24
4	15	17.21
4	16	18.31
4	17	19.6
4	18	20.31
4	19	18.92
4	20	17.7
4	21	17.84
4	22	17.13
4	23	16.71
4	24	16.09
5	1	35.05
5	2	35.08
5	3	35.12
5	4	35.51
5	5	38.68
5	6	42.64
5	7	48.91
5	8	92.99
5	9	75.38
5	10	59.97
5	11	42.89
5	12	42.48
5	13	39.83
5	14	39.26
5	15	38.5
5	16	37.72
5	17	39.02
5	18	39.66
5	19	39.65
5	20	39.18
5	21	37.24
5	22	35.84
5	23	35.75
5	24	35.96
6	1	35.11
6	2	34.42
6	3	34.83
6	4	33.29
6	5	34.19
6	6	38.44
6	7	41.12
6	8	41.2
6	9	38.86
6	10	35.51
6	11	37.4
6	12	39.49
6	13	39.18
6	14	38.84
6	15	39.16
6	16	39.24
6	17	42.86
6	18	50.69
6	19	55.01
6	20	57.5
6	21	55.93
6	22	47.0
6	23	44.4
6	24	36.69
7	1	86.53
7	2	83.3
7	3	81.25
7	4	79.84
7	5	79.98
7	6	81.8
7	7	86.66
7	8	111.86
7	9	136.38
7	10	130.78
7	11	118.22
7	12	111.41
7	13	103.67
7	14	99.88
7	15	101.3
7	16	106.81
7	17	116.52
7	18	123.8
7	19	122.35
7	20	116.01
7	21	104.03
7	22	88.77
7	23	82.83
7	24	80.1
8	1	68.4
8	2	65.34
8	3	64.05
8	4	62.76
8	5	63.32
8	6	65.85
8	7	74.97
8	8	89.38
8	9	104.27
8	10	103.3
8	11	95.85
8	12	86.56
8	13	78.72
8	14	75.15
8	15	76.91
8	16	86.95
8	17	104.6
8	18	114.77
8	19	108.49
8	20	85.1
8	21	75.82
8	22	73.01
8	23	70.69
8	24	66.69
9	1	86.52
9	2	84.07
9	3	84.04
9	4	83.42
9	5	83.63
9	6	82.45
9	7	82.74
9	8	96.89
9	9	136.9
9	10	126.35
9	11	114.88
9	12	105.97
9	13	98.82
9	14	91.49
9	15	109.41
9	16	119.96
9	17	122.06
9	18	139.19
9	19	135.66
9	20	128.06
9	21	116.28
9	22	100.52
9	23	89.46
9	24	85.04
10	1	77.34
10	2	74.8
10	3	72.96
10	4	72.58
10	5	75.17
10	6	78.49
10	7	88.6
10	8	107.84
10	9	125.89
10	10	122.17
10	11	110.9
10	12	107.95
10	13	93.55
10	14	87.62
10	15	86.43
10	16	94.25
10	17	99.52
10	18	104.68
10	19	103.26
10	20	94.53
10	21	86.97
10	22	80.54
10	23	77.43
10	24	71.33
11	1	36.02
11	2	35.71
11	3	35.55
11	4	35.44
11	5	35.25
11	6	36.27
11	7	36.82
11	8	37.19
11	9	37.34
11	10	37.5
11	11	37.51
11	12	37.35
11	13	37.29
11	14	37.16
11	15	37.24
11	16	37.22
11	17	37.0
11	18	37.03
11	19	36.88
11	20	36.79
11	21	36.67
11	22	36.87
11	23	36.38
11	24	35.09
12	1	32.02
12	2	32.02
12	3	32.01
12	4	32.02
12	5	32.24
12	6	32.46
12	7	32.85
12	8	33.36
12	9	33.63
12	10	33.03
12	11	32.51
12	12	32.24
12	13	32.02
12	14	32.02
12	15	32.49
12	16	34.26
12	17	34.18
12	18	33.34
12	19	33.57
12	20	33.66
12	21	33.82
12	22	34.18
12	23	33.63
12	24	32.22
13	1	19.95
13	2	19.93
13	3	19.95
13	4	20.0
13	5	23.01
13	6	36.59
13	7	37.96
13	8	37.39
13	9	14.99
13	10	0.33
13	11	-1.46
13	12	-3.0
13	13	-3.72
13	14	-4.99
13	15	-3.99
13	16	-0.1
13	17	4.21
13	18	28.87
13	19	36.53
13	20	36.63
13	21	36.33
13	22	32.42
13	23	26.85
13	24	29.62
14	1	21.01
14	2	20.95
14	3	20.94
14	4	20.95
14	5	20.95
14	6	22.18
14	7	24.59
14	8	26.34
14	9	27.43
14	10	23.77
14	11	20.97
14	12	4.18
14	13	-1.7
14	14	-0.02
14	15	20.82
14	16	22.7
14	17	26.11
14	18	26.12
14	19	25.69
14	20	26.19
14	21	25.26
14	22	25.89
14	23	24.3
14	24	23.05
15	1	49.71
15	2	53.5
15	3	54.78
15	4	55.24
15	5	56.77
15	6	61.63
15	7	79.99
15	8	95.77
15	9	62.63
15	10	54.41
15	11	49.55
15	12	38.57
15	13	36.73
15	14	39.17
15	15	47.06
15	16	53.6
15	17	56.86
15	18	63.92
15	19	64.59
15	20	65.86
15	21	65.5
15	22	61.12
15	23	55.93
15	24	51.88
16	1	17.55
16	2	8.4
16	3	5.53
16	4	9.02
16	5	22.41
16	6	36.09
16	7	56.51
16	8	57.07
16	9	47.34
16	10	36.11
16	11	24.39
16	12	19.92
16	13	13.72
16	14	14.99
16	15	22.61
16	16	26.97
16	17	32.72
16	18	35.99
16	19	36.63
16	20	34.14
16	21	25.78
16	22	20.65
16	23	10.16
16	24	3.31
17	1	47.16
17	2	46.88
17	3	46.99
17	4	47.16
17	5	47.91
17	6	46.94
17	7	49.47
17	8	49.89
17	9	48.37
17	10	39.85
17	11	23.86
17	12	0.6
17	13	0.43
17	14	12.07
17	15	37.97
17	16	47.91
17	17	49.17
17	18	49.82
17	19	50.48
17	20	50.5
17	21	49.99
17	22	49.92
17	23	48.57
17	24	43.84
18	1	50.27
18	2	49.96
18	3	49.56
18	4	49.36
18	5	49.82
18	6	55.36
18	7	85.93
18	8	77.31
18	9	65.78
18	10	50.48
18	11	45.07
18	12	37.53
18	13	30.04
18	14	26.93
18	15	29.76
18	16	39.8
18	17	48.37
18	18	50.6
18	19	48.83
18	20	49.33
18	21	48.22
18	22	45.48
18	23	37.87
18	24	21.21
19	1	29.21
19	2	28.93
19	3	28.82
19	4	28.85
19	5	28.89
19	6	29.72
19	7	30.01
19	8	33.98
19	9	29.38
19	10	25.94
19	11	6.36
19	12	2.48
19	13	0.01
19	14	0.02
19	15	7.68
19	16	29.03
19	17	29.86
19	18	31.78
19	19	33.97
19	20	33.97
19	21	32.5
19	22	32.49
19	23	31.17
19	24	30.21
20	1	30.48
20	2	29.91
20	3	29.98
20	4	29.93
20	5	29.92
20	6	31.29
20	7	34.0
20	8	35.55
20	9	35.14
20	10	35.31
20	11	33.8
20	12	32.9
20	13	32.64
20	14	32.57
20	15	32.65
20	16	36.08
20	17	34.91
20	18	34.93
20	19	34.96
20	20	34.61
20	21	33.7
20	22	33.12
20	23	32.41
20	24	31.95
21	1	19.75
21	2	19.74
21	3	19.74
21	4	10.99
21	5	4.21
21	6	12.65
21	7	16.33
21	8	20.29
21	9	20.04
21	10	16.31
21	11	3.88
21	12	0.05
21	13	-0.16
21	14	-0.83
21	15	-0.11
21	16	-0.01
21	17	2.63
21	18	16.65
21	19	19.75
21	20	19.74
21	21	19.63
21	22	19.31
21	23	19.07
21	24	3.81
22	1	11.27
22	2	10.3
22	3	8.05
22	4	12.16
22	5	30.42
22	6	39.82
22	7	49.63
22	8	46.9
22	9	31.45
22	10	20.32
22	11	8.69
22	12	4.97
22	13	0.08
22	14	1.51
22	15	6.55
22	16	22.02
22	17	34.92
22	18	39.05
22	19	41.92
22	20	41.99
22	21	41.92
22	22	37.87
22	23	33.93
22	24	29.78
23	1	15.24
23	2	14.45
23	3	13.91
23	4	14.61
23	5	15.24
23	6	20.91
23	7	42.98
23	8	49.99
23	9	39.86
23	10	36.63
23	11	18.17
23	12	4.32
23	13	3.24
23	14	3.03
23	15	3.96
23	16	12.78
23	17	26.79
23	18	42.73
23	19	29.89
23	20	28.88
23	21	28.19
23	22	26.84
23	23	24.74
23	24	14.3
24	1	25.87
24	2	25.91
24	3	25.39
24	4	25.62
24	5	25.29
24	6	25.59
24	7	27.83
24	8	27.82
24	9	28.66
24	10	28.49
24	11	29.11
24	12	28.47
24	13	30.8
24	14	32.16
24	15	29.82
24	16	26.42
24	17	27.82
24	18	27.82
24	19	26.68
24	20	25.97
24	21	25.58
24	22	28.0
24	23	27.61
24	24	26.46
25	1	34.51
25	2	34.24
25	3	34.18
25	4	34.1
25	5	33.96
25	6	35.59
25	7	71.72
25	8	76.2
25	9	76.02
25	10	74.68
25	11	68.85
25	12	60.65
25	13	47.01
25	14	37.16
25	15	35.03
25	16	35.3
25	17	35.16
25	18	35.61
25	19	35.96
25	20	35.15
25	21	35.86
25	22	35.23
25	23	33.7
25	24	33.58
26	1	21.94
26	2	21.78
26	3	21.77
26	4	21.72
26	5	23.58
26	6	24.99
26	7	25.96
26	8	27.32
26	9	27.62
26	10	27.92
26	11	27.67
26	12	27.6
26	13	27.01
26	14	26.51
26	15	25.88
26	16	26.0
26	17	26.0
26	18	26.65
26	19	26.0
26	20	25.75
26	21	25.2
26	22	24.58
26	23	24.48
26	24	21.62
27	1	62.8
27	2	60.82
27	3	58.49
27	4	55.94
27	5	54.75
27	6	52.16
27	7	57.95
27	8	62.97
27	9	64.94
27	10	63.8
27	11	61.22
27	12	58.74
27	13	54.47
27	14	52.18
27	15	52.18
27	16	52.78
27	17	54.86
27	18	57.37
27	19	56.93
27	20	56.16
27	21	55.94
27	22	55.97
27	23	56.02
27	24	55.31
28	1	41.57
28	2	41.11
28	3	40.78
28	4	40.96
28	5	41.25
28	6	44.78
28	7	49.61
28	8	61.01
28	9	108.2
28	10	90.3
28	11	75.53
28	12	71.37
28	13	67.58
28	14	61.41
28	15	60.72
28	16	55.26
28	17	61.14
28	18	75.9
28	19	144.25
28	20	136.33
28	21	114.54
28	22	104.53
28	23	103.66
28	24	95.77
29	1	54.55
29	2	54.34
29	3	54.2
29	4	54.07
29	5	54.24
29	6	55.6
29	7	57.66
29	8	66.96
29	9	91.43
29	10	78.47
29	11	69.93
29	12	63.15
29	13	61.12
29	14	58.97
29	15	57.75
29	16	57.58
29	17	57.74
29	18	61.82
29	19	60.9
29	20	60.24
29	21	59.91
29	22	57.56
29	23	56.83
29	24	55.34
30	1	55.98
30	2	55.0
30	3	53.87
30	4	50.3
30	5	51.75
30	6	54.93
30	7	55.12
30	8	65.1
30	9	79.23
30	10	71.54
30	11	64.59
30	12	62.52
30	13	56.61
30	14	56.33
30	15	58.98
30	16	59.35
30	17	62.45
30	18	74.61
30	19	82.67
30	20	78.5
30	21	69.98
30	22	63.65
30	23	59.95
30	24	58.88
31	1	73.2
31	2	64.15
31	3	57.62
31	4	53.89
31	5	52.38
31	6	57.43
31	7	86.73
31	8	119.47
31	9	129.63
31	10	125.2
31	11	108.38
31	12	95.47
31	13	87.1
31	14	76.86
31	15	84.31
31	16	99.37
31	17	104.23
31	18	127.78
31	19	128.46
31	20	126.29
31	21	121.95
31	22	110.6
31	23	95.29
31	24	70.08
32	1	64.38
32	2	63.22
32	3	61.1
32	4	58.96
32	5	58.82
32	6	60.88
32	7	64.23
32	8	73.49
32	9	86.18
32	10	72.79
32	11	67.06
32	12	63.87
32	13	60.53
32	14	60.26
32	15	63.1
32	16	68.65
32	17	75.78
32	18	92.06
32	19	96.78
32	20	88.21
32	21	75.71
32	22	69.78
32	23	66.2
32	24	63.07
33	1	67.86
33	2	65.68
33	3	64.77
33	4	64.33
33	5	64.8
33	6	66.34
33	7	78.46
33	8	103.2
33	9	93.9
33	10	76.71
33	11	69.02
33	12	64.04
33	13	60.98
33	14	60.26
33	15	61.81
33	16	63.55
33	17	64.88
33	18	86.22
33	19	102.64
33	20	87.54
33	21	79.9
33	22	68.66
33	23	64.58
33	24	63.68
34	1	95.73
34	2	89.59
34	3	85.07
34	4	81.5
34	5	77.67
34	6	84.44
34	7	95.06
34	8	133.66
34	9	145.69
34	10	145.98
34	11	144.3
34	12	141.13
34	13	135.78
34	14	132.17
34	15	128.21
34	16	117.96
34	17	121.92
34	18	131.42
34	19	126.04
34	20	117.49
34	21	110.67
34	22	98.88
34	23	94.62
34	24	66.52
35	1	42.53
35	2	41.69
35	3	41.53
35	4	41.16
35	5	44.58
35	6	48.99
35	7	122.61
35	8	136.89
35	9	112.66
35	10	56.95
35	11	49.77
35	12	47.0
35	13	45.55
35	14	44.57
35	15	42.14
35	16	43.72
35	17	49.18
35	18	79.98
35	19	123.05
35	20	48.94
35	21	46.14
35	22	42.59
35	23	41.99
35	24	40.08
36	1	34.72
36	2	35.09
36	3	35.88
36	4	35.91
36	5	36.76
36	6	41.32
36	7	46.44
36	8	48.99
36	9	48.54
36	10	46.62
36	11	43.57
36	12	42.43
36	13	41.59
36	14	40.13
36	15	39.97
36	16	40.97
36	17	43.94
36	18	43.72
36	19	43.58
36	20	43.12
36	21	43.09
36	22	42.77
36	23	42.11
36	24	37.93
37	1	18.14
37	2	17.47
37	3	16.72
37	4	23.73
37	5	24.1
37	6	23.37
37	7	11.89
37	8	19.5
37	9	17.38
37	10	20.76
37	11	23.32
37	12	27.8
37	13	25.23
37	14	25.3
37	15	28.5
37	16	30.07
37	17	34.02
37	18	32.91
37	19	32.79
37	20	32.22
37	21	29.95
37	22	27.95
37	23	26.98
37	24	25.91
38	1	17.67
38	2	14.78
38	3	14.49
38	4	14.77
38	5	15.06
38	6	20.26
38	7	29.25
38	8	152.84
38	9	140.07
38	10	125.67
38	11	116.96
38	12	105.2
38	13	96.78
38	14	50.13
38	15	30.06
38	16	23.27
38	17	22.8
38	18	23.27
38	19	22.4
38	20	22.23
38	21	21.89
38	22	21.06
38	23	20.34
38	24	17.91
39	1	36.44
39	2	36.49
39	3	34.73
39	4	35.22
39	5	35.48
39	6	35.32
39	7	41.01
39	8	42.8
39	9	44.31
39	10	43.78
39	11	43.01
39	12	42.51
39	13	42.52
39	14	42.67
39	15	43.45
39	16	45.06
39	17	45.65
39	18	46.09
39	19	46.18
39	20	45.87
39	21	45.49
39	22	45.71
39	23	44.89
39	24	44.79
40	1	11.04
40	2	9.07
40	3	6.76
40	4	7.54
40	5	9.13
40	6	14.19
40	7	28.91
40	8	40.94
40	9	44.99
40	10	44.88
40	11	42.43
40	12	41.48
40	13	42.11
40	14	43.76
40	15	43.77
40	16	43.6
40	17	43.84
40	18	44.55
40	19	43.77
40	20	43.59
40	21	42.64
40	22	42.56
40	23	42.07
40	24	41.61
41	1	58.94
41	2	57.98
41	3	57.66
41	4	56.46
41	5	55.74
41	6	56.46
41	7	57.66
41	8	59.0
41	9	57.73
41	10	56.28
41	11	54.03
41	12	49.91
41	13	45.99
41	14	44.61
41	15	40.96
41	16	42.47
41	17	46.46
41	18	52.46
41	19	55.13
41	20	56.92
41	21	54.84
41	22	51.52
41	23	45.0
41	24	35.46
42	1	28.85
42	2	28.71
42	3	28.57
42	4	28.47
42	5	29.06
42	6	28.9
42	7	30.6
42	8	36.74
42	9	37.68
42	10	35.93
42	11	32.6
42	12	31.11
42	13	31.6
42	14	33.95
42	15	32.87
42	16	29.74
42	17	34.9
42	18	29.29
42	19	30.82
42	20	31.69
42	21	31.55
42	22	30.96
42	23	30.95
42	24	29.63
