Node	Time	ActivationFactorUpRegulation
3	1	0
4	1	1
5	1	0
6	1	0
3	2	0
4	2	0
5	2	1
6	2	0
3	3	1
4	3	0
5	3	0
6	3	1
3	4	1
4	4	0
5	4	1
6	4	0
3	5	0
4	5	0
5	5	1
6	5	0
3	6	1
4	6	1
5	6	0
6	6	0
3	7	1
4	7	0
5	7	1
6	7	0
3	8	0
4	8	0
5	8	0
6	8	1
3	9	0
4	9	1
5	9	1
6	9	0
3	10	0
4	10	0
5	10	0
6	10	1
3	11	0
4	11	0
5	11	0
6	11	1
3	12	0
4	12	1
5	12	1
6	12	0
3	13	0
4	13	0
5	13	0
6	13	1
3	14	0
4	14	0
5	14	0
6	14	1
3	15	1
4	15	1
5	15	0
6	15	0
3	16	0
4	16	1
5	16	0
6	16	0
3	17	0
4	17	0
5	17	1
6	17	1
3	18	1
4	18	0
5	18	0
6	18	0
3	19	1
4	19	0
5	19	1
6	19	0
3	20	1
4	20	0
5	20	1
6	20	0
3	21	1
4	21	0
5	21	0
6	21	0
3	22	0
4	22	1
5	22	0
6	22	0
3	23	0
4	23	1
5	23	0
6	23	0
3	24	0
4	24	0
5	24	1
6	24	1
7	1	0
8	1	1
9	1	1
10	1	0
7	2	0
8	2	0
9	2	1
10	2	1
7	3	0
8	3	1
9	3	0
10	3	1
7	4	0
8	4	1
9	4	1
10	4	0
7	5	1
8	5	1
9	5	0
10	5	0
7	6	0
8	6	1
9	6	1
10	6	0
7	7	1
8	7	0
9	7	0
10	7	1
7	8	0
8	8	0
9	8	1
10	8	0
7	9	0
8	9	0
9	9	1
10	9	0
7	10	0
8	10	1
9	10	0
10	10	0
7	11	0
8	11	1
9	11	0
10	11	0
7	12	0
8	12	0
9	12	1
10	12	0
7	13	0
8	13	0
9	13	1
10	13	0
7	14	1
8	14	1
9	14	0
10	14	0
7	15	1
8	15	0
9	15	0
10	15	0
7	16	1
8	16	0
9	16	1
10	16	0
7	17	0
8	17	0
9	17	1
10	17	0
7	18	0
8	18	0
9	18	0
10	18	1
7	19	1
8	19	0
9	19	1
10	19	0
7	20	0
8	20	0
9	20	1
10	20	0
7	21	1
8	21	1
9	21	0
10	21	0
7	22	1
8	22	1
9	22	0
10	22	0
7	23	1
8	23	0
9	23	0
10	23	0
7	24	0
8	24	1
9	24	0
10	24	0
11	1	0
12	1	0
13	1	1
14	1	0
11	2	0
12	2	1
13	2	1
14	2	0
11	3	1
12	3	0
13	3	0
14	3	1
11	4	0
12	4	1
13	4	0
14	4	0
11	5	0
12	5	0
13	5	0
14	5	1
11	6	1
12	6	0
13	6	1
14	6	0
11	7	0
12	7	0
13	7	1
14	7	0
11	8	1
12	8	0
13	8	0
14	8	1
11	9	1
12	9	0
13	9	0
14	9	1
11	10	0
12	10	1
13	10	0
14	10	1
11	11	0
12	11	1
13	11	1
14	11	0
11	12	1
12	12	0
13	12	1
14	12	0
11	13	0
12	13	0
13	13	1
14	13	0
11	14	0
12	14	1
13	14	1
14	14	0
11	15	0
12	15	1
13	15	0
14	15	0
11	16	0
12	16	1
13	16	0
14	16	0
11	17	0
12	17	1
13	17	0
14	17	1
11	18	0
12	18	0
13	18	1
14	18	1
11	19	1
12	19	0
13	19	0
14	19	1
11	20	0
12	20	0
13	20	0
14	20	1
11	21	0
12	21	1
13	21	0
14	21	1
11	22	0
12	22	0
13	22	1
14	22	0
11	23	0
12	23	0
13	23	0
14	23	1
11	24	0
12	24	0
13	24	1
14	24	0
15	1	1
16	1	1
17	1	0
18	1	0
15	2	0
16	2	0
17	2	1
18	2	0
15	3	0
16	3	1
17	3	1
18	3	0
15	4	0
16	4	0
17	4	1
18	4	0
15	5	1
16	5	0
17	5	0
18	5	1
15	6	0
16	6	1
17	6	1
18	6	0
15	7	0
16	7	1
17	7	1
18	7	0
15	8	0
16	8	0
17	8	1
18	8	0
15	9	1
16	9	0
17	9	1
18	9	0
15	10	1
16	10	0
17	10	0
18	10	0
15	11	0
16	11	0
17	11	0
18	11	1
15	12	0
16	12	0
17	12	1
18	12	1
15	13	0
16	13	0
17	13	0
18	13	1
15	14	1
16	14	0
17	14	0
18	14	0
15	15	0
16	15	0
17	15	0
18	15	1
15	16	1
16	16	0
17	16	1
18	16	0
15	17	0
16	17	0
17	17	1
18	17	0
15	18	0
16	18	1
17	18	0
18	18	1
15	19	0
16	19	0
17	19	0
18	19	1
15	20	1
16	20	0
17	20	0
18	20	1
15	21	0
16	21	1
17	21	0
18	21	1
15	22	0
16	22	1
17	22	0
18	22	1
15	23	0
16	23	0
17	23	1
18	23	0
15	24	0
16	24	1
17	24	0
18	24	0
19	1	1
20	1	0
21	1	0
22	1	0
19	2	0
20	2	1
21	2	0
22	2	1
19	3	0
20	3	1
21	3	0
22	3	0
19	4	0
20	4	1
21	4	0
22	4	0
19	5	0
20	5	1
21	5	0
22	5	0
19	6	1
20	6	1
21	6	0
22	6	0
19	7	0
20	7	1
21	7	1
22	7	0
19	8	0
20	8	1
21	8	0
22	8	1
19	9	0
20	9	1
21	9	0
22	9	0
19	10	0
20	10	0
21	10	1
22	10	1
19	11	1
20	11	0
21	11	0
22	11	0
19	12	0
20	12	0
21	12	0
22	12	1
19	13	0
20	13	0
21	13	0
22	13	1
19	14	1
20	14	0
21	14	0
22	14	1
19	15	1
20	15	0
21	15	0
22	15	0
19	16	0
20	16	1
21	16	0
22	16	1
19	17	1
20	17	0
21	17	0
22	17	1
19	18	1
20	18	0
21	18	0
22	18	1
19	19	1
20	19	1
21	19	0
22	19	0
19	20	0
20	20	0
21	20	0
22	20	1
19	21	1
20	21	0
21	21	0
22	21	1
19	22	0
20	22	1
21	22	0
22	22	1
19	23	1
20	23	0
21	23	0
22	23	0
19	24	0
20	24	0
21	24	0
22	24	1
23	1	0
24	1	0
25	1	0
26	1	1
23	2	1
24	2	0
25	2	0
26	2	1
23	3	1
24	3	0
25	3	1
26	3	0
23	4	0
24	4	0
25	4	1
26	4	1
23	5	0
24	5	1
25	5	0
26	5	0
23	6	1
24	6	1
25	6	0
26	6	0
23	7	0
24	7	1
25	7	0
26	7	1
23	8	1
24	8	0
25	8	0
26	8	0
23	9	0
24	9	0
25	9	1
26	9	0
23	10	1
24	10	0
25	10	0
26	10	0
23	11	1
24	11	0
25	11	0
26	11	0
23	12	0
24	12	0
25	12	0
26	12	1
23	13	0
24	13	0
25	13	0
26	13	1
23	14	1
24	14	0
25	14	0
26	14	1
23	15	1
24	15	0
25	15	0
26	15	0
23	16	0
24	16	1
25	16	1
26	16	0
23	17	0
24	17	1
25	17	0
26	17	0
23	18	0
24	18	0
25	18	1
26	18	0
23	19	1
24	19	1
25	19	0
26	19	0
23	20	1
24	20	0
25	20	0
26	20	0
23	21	0
24	21	0
25	21	0
26	21	1
23	22	0
24	22	1
25	22	0
26	22	0
23	23	0
24	23	1
25	23	1
26	23	0
23	24	1
24	24	0
25	24	1
26	24	0
27	1	0
28	1	1
29	1	1
30	1	0
27	2	0
28	2	1
29	2	0
30	2	0
27	3	0
28	3	1
29	3	0
30	3	0
27	4	1
28	4	0
29	4	1
30	4	0
27	5	0
28	5	0
29	5	1
30	5	0
27	6	0
28	6	0
29	6	1
30	6	1
27	7	0
28	7	0
29	7	0
30	7	1
27	8	0
28	8	0
29	8	1
30	8	0
27	9	0
28	9	0
29	9	0
30	9	1
27	10	1
28	10	0
29	10	0
30	10	0
27	11	0
28	11	0
29	11	1
30	11	0
27	12	0
28	12	0
29	12	1
30	12	0
27	13	1
28	13	0
29	13	0
30	13	0
27	14	0
28	14	0
29	14	1
30	14	1
27	15	1
28	15	1
29	15	0
30	15	0
27	16	0
28	16	1
29	16	0
30	16	0
27	17	0
28	17	1
29	17	1
30	17	0
27	18	0
28	18	1
29	18	1
30	18	0
27	19	0
28	19	1
29	19	0
30	19	1
27	20	0
28	20	1
29	20	1
30	20	0
27	21	1
28	21	0
29	21	0
30	21	0
27	22	0
28	22	1
29	22	1
30	22	0
27	23	0
28	23	0
29	23	1
30	23	0
27	24	1
28	24	1
29	24	0
30	24	0
31	1	1
32	1	0
33	1	1
34	1	0
31	2	1
32	2	0
33	2	0
34	2	1
31	3	0
32	3	1
33	3	1
34	3	0
31	4	0
32	4	0
33	4	0
34	4	1
31	5	0
32	5	0
33	5	0
34	5	1
31	6	1
32	6	1
33	6	0
34	6	0
31	7	1
32	7	1
33	7	0
34	7	0
31	8	0
32	8	1
33	8	0
34	8	0
31	9	1
32	9	0
33	9	0
34	9	0
31	10	1
32	10	0
33	10	1
34	10	0
31	11	0
32	11	1
33	11	0
34	11	0
31	12	0
32	12	0
33	12	0
34	12	1
31	13	1
32	13	0
33	13	1
34	13	0
31	14	0
32	14	0
33	14	0
34	14	1
31	15	1
32	15	1
33	15	0
34	15	0
31	16	1
32	16	0
33	16	0
34	16	1
31	17	0
32	17	1
33	17	0
34	17	0
31	18	1
32	18	0
33	18	0
34	18	0
31	19	0
32	19	1
33	19	1
34	19	0
31	20	1
32	20	0
33	20	0
34	20	0
31	21	0
32	21	1
33	21	0
34	21	1
31	22	0
32	22	0
33	22	1
34	22	1
31	23	0
32	23	1
33	23	1
34	23	0
31	24	0
32	24	1
33	24	0
34	24	1
35	1	1
36	1	0
37	1	0
38	1	1
35	2	1
36	2	0
37	2	0
38	2	1
35	3	1
36	3	0
37	3	0
38	3	0
35	4	1
36	4	0
37	4	0
38	4	0
35	5	0
36	5	0
37	5	1
38	5	0
35	6	0
36	6	0
37	6	0
38	6	1
35	7	0
36	7	1
37	7	0
38	7	0
35	8	1
36	8	0
37	8	0
38	8	1
35	9	0
36	9	0
37	9	1
38	9	0
35	10	0
36	10	0
37	10	1
38	10	0
35	11	1
36	11	0
37	11	0
38	11	1
35	12	0
36	12	0
37	12	1
38	12	1
35	13	1
36	13	0
37	13	0
38	13	0
35	14	0
36	14	0
37	14	0
38	14	1
35	15	1
36	15	0
37	15	1
38	15	0
35	16	1
36	16	0
37	16	0
38	16	0
35	17	1
36	17	0
37	17	1
38	17	0
35	18	1
36	18	1
37	18	0
38	18	0
35	19	0
36	19	0
37	19	0
38	19	1
35	20	1
36	20	0
37	20	0
38	20	1
35	21	0
36	21	0
37	21	1
38	21	0
35	22	0
36	22	0
37	22	0
38	22	1
35	23	1
36	23	0
37	23	0
38	23	0
35	24	0
36	24	0
37	24	1
38	24	0
39	1	0
40	1	0
41	1	1
42	1	0
39	2	0
40	2	1
41	2	0
42	2	0
39	3	1
40	3	0
41	3	1
42	3	0
39	4	1
40	4	0
41	4	0
42	4	0
39	5	0
40	5	0
41	5	0
42	5	1
39	6	1
40	6	0
41	6	0
42	6	0
39	7	0
40	7	0
41	7	1
42	7	1
39	8	0
40	8	1
41	8	0
42	8	1
39	9	0
40	9	1
41	9	0
42	9	0
39	10	0
40	10	0
41	10	1
42	10	0
39	11	0
40	11	0
41	11	1
42	11	0
39	12	0
40	12	0
41	12	0
42	12	1
39	13	0
40	13	0
41	13	0
42	13	1
39	14	1
40	14	0
41	14	0
42	14	1
39	15	1
40	15	0
41	15	0
42	15	1
39	16	0
40	16	1
41	16	1
42	16	0
39	17	0
40	17	0
41	17	1
42	17	0
39	18	1
40	18	0
41	18	1
42	18	0
39	19	1
40	19	0
41	19	0
42	19	0
39	20	0
40	20	1
41	20	0
42	20	1
39	21	1
40	21	0
41	21	0
42	21	0
39	22	0
40	22	1
41	22	0
42	22	0
39	23	1
40	23	0
41	23	1
42	23	0
39	24	0
40	24	1
41	24	0
42	24	0
